Vertex Count: 180

Data:

-0.5 -1 0.866026 0.421875 0.979066 -0.49813 -0.086393 0.862788
-0.353553 -1.70711 0.612372 0.460938 0.911408 -0.427594 -0.518319 0.740614
0.353553 -1.70711 0.612372 0.539063 0.911408 0.427594 -0.518319 0.740614
-1 -1 0 0.34375 0.84375 -0.996261 -0.086393 0
-0.707107 -1.70711 -0 0.421875 0.84375 -0.855188 -0.518319 -0
-0.353553 -1.70711 0.612372 0.460938 0.911408 -0.427594 -0.518319 0.740614
-0.5 -1 -0.866025 0.421875 0.708434 -0.498131 -0.086393 -0.862787
-0.353553 -1.70711 -0.612372 0.460938 0.776092 -0.427594 -0.518319 -0.740614
-0.707107 -1.70711 -0 0.421875 0.84375 -0.855188 -0.518319 -0
0.5 -1 -0.866025 0.578125 0.708434 0.498131 -0.086393 -0.862787
0.353553 -1.70711 -0.612372 0.539063 0.776092 0.427594 -0.518319 -0.740614
-0.353553 -1.70711 -0.612372 0.460938 0.776092 -0.427594 -0.518319 -0.740614
1 -1 -0 0.65625 0.84375 0.996261 -0.086393 -0
0.707107 -1.70711 -0 0.578125 0.84375 0.855188 -0.518319 -0
0.353553 -1.70711 -0.612372 0.539063 0.776092 0.427594 -0.518319 -0.740614
0.5 -1 0.866025 0.578125 0.979066 0.498131 -0.086393 0.862787
0.353553 -1.70711 0.612372 0.539063 0.911408 0.427594 -0.518319 0.740614
0.707107 -1.70711 -0 0.578125 0.84375 0.855188 -0.518319 -0
-0.5 1 0.866026 0.416667 0.31156 -0.49813 0.086393 0.862788
-0.5 -1 0.866026 0.416667 0.6875 -0.49813 -0.086393 0.862788
0.5 -1 0.866025 0.375 0.6875 0.498131 -0.086393 0.862787
-1 1 0 0.458333 0.31156 -0.996261 0.086393 0
-1 -1 0 0.458333 0.6875 -0.996261 -0.086393 0
-0.5 -1 0.866026 0.416667 0.6875 -0.49813 -0.086393 0.862788
-0.5 1 -0.866025 0.5 0.31156 -0.498131 0.086393 -0.862787
-0.5 -1 -0.866025 0.5 0.6875 -0.498131 -0.086393 -0.862787
-1 -1 0 0.458333 0.6875 -0.996261 -0.086393 0
0.5 1 -0.866025 0.541667 0.31156 0.498131 0.086393 -0.862788
0.5 -1 -0.866025 0.541667 0.6875 0.498131 -0.086393 -0.862787
-0.5 -1 -0.866025 0.5 0.6875 -0.498131 -0.086393 -0.862787
1 1 -0 0.583333 0.31156 0.996261 0.086393 -0
1 -1 -0 0.583333 0.6875 0.996261 -0.086393 -0
0.5 -1 -0.866025 0.541667 0.6875 0.498131 -0.086393 -0.862787
0.5 1 0.866025 0.625 0.31156 0.498131 0.086393 0.862787
0.5 -1 0.866025 0.625 0.6875 0.498131 -0.086393 0.862787
1 -1 -0 0.583333 0.6875 0.996261 -0.086393 -0
-0.353553 1.70711 0.612372 0.460938 0.088592 -0.427594 0.518319 0.740614
-0.5 1 0.866026 0.421875 0.020934 -0.49813 0.086393 0.862788
0.5 1 0.866025 0.578125 0.020934 0.498131 0.086393 0.862787
-0.707107 1.70711 -0 0.421875 0.15625 -0.855188 0.518319 0
-1 1 0 0.34375 0.15625 -0.996261 0.086393 0
-0.5 1 0.866026 0.421875 0.020934 -0.49813 0.086393 0.862788
-0.353553 1.70711 -0.612372 0.460938 0.223908 -0.427594 0.518319 -0.740614
-0.5 1 -0.866025 0.421875 0.291566 -0.498131 0.086393 -0.862787
-1 1 0 0.34375 0.15625 -0.996261 0.086393 0
0.353553 1.70711 -0.612372 0.539063 0.223908 0.427594 0.518319 -0.740614
0.5 1 -0.866025 0.578125 0.291566 0.498131 0.086393 -0.862788
-0.5 1 -0.866025 0.421875 0.291566 -0.498131 0.086393 -0.862787
0.707107 1.70711 -0 0.578125 0.15625 0.855188 0.518319 -0
1 1 -0 0.65625 0.15625 0.996261 0.086393 -0
0.5 1 -0.866025 0.578125 0.291566 0.498131 0.086393 -0.862788
0.353553 1.70711 0.612372 0.539063 0.088592 0.427594 0.518319 0.740614
0.5 1 0.866025 0.578125 0.020934 0.498131 0.086393 0.862787
1 1 -0 0.65625 0.15625 0.996261 0.086393 -0
0 -2 -0 0.5 0.85 0 -1 0
0.353553 -1.70711 0.612372 0.539063 0.911408 0.427594 -0.518319 0.740614
-0.353553 -1.70711 0.612372 0.460938 0.911408 -0.427594 -0.518319 0.740614
0 -2 -0 0.5 0.85 0 -1 0
-0.353553 -1.70711 0.612372 0.460938 0.911408 -0.427594 -0.518319 0.740614
-0.707107 -1.70711 -0 0.421875 0.84375 -0.855188 -0.518319 -0
0 -2 -0 0.5 0.85 0 -1 0
-0.707107 -1.70711 -0 0.421875 0.84375 -0.855188 -0.518319 -0
-0.353553 -1.70711 -0.612372 0.460938 0.776092 -0.427594 -0.518319 -0.740614
0 -2 -0 0.5 0.85 0 -1 0
-0.353553 -1.70711 -0.612372 0.460938 0.776092 -0.427594 -0.518319 -0.740614
0.353553 -1.70711 -0.612372 0.539063 0.776092 0.427594 -0.518319 -0.740614
0 -2 -0 0.5 0.85 0 -1 0
0.353553 -1.70711 -0.612372 0.539063 0.776092 0.427594 -0.518319 -0.740614
0.707107 -1.70711 -0 0.578125 0.84375 0.855188 -0.518319 -0
0 -2 -0 0.5 0.85 0 -1 0
0.707107 -1.70711 -0 0.578125 0.84375 0.855188 -0.518319 -0
0.353553 -1.70711 0.612372 0.539063 0.911408 0.427594 -0.518319 0.740614
0 2 -0 0.5 0.1625 0 1 0
-0.353553 1.70711 0.612372 0.460938 0.088592 -0.427594 0.518319 0.740614
0.353553 1.70711 0.612372 0.539063 0.088592 0.427594 0.518319 0.740614
0 2 -0 0.5 0.1625 0 1 0
-0.707107 1.70711 -0 0.421875 0.15625 -0.855188 0.518319 0
-0.353553 1.70711 0.612372 0.460938 0.088592 -0.427594 0.518319 0.740614
0 2 -0 0.5 0.1625 0 1 0
-0.353553 1.70711 -0.612372 0.460938 0.223908 -0.427594 0.518319 -0.740614
-0.707107 1.70711 -0 0.421875 0.15625 -0.855188 0.518319 0
0 2 -0 0.5 0.1625 0 1 0
0.353553 1.70711 -0.612372 0.539063 0.223908 0.427594 0.518319 -0.740614
-0.353553 1.70711 -0.612372 0.460938 0.223908 -0.427594 0.518319 -0.740614
0 2 -0 0.5 0.1625 0 1 0
0.707107 1.70711 -0 0.578125 0.15625 0.855188 0.518319 -0
0.353553 1.70711 -0.612372 0.539063 0.223908 0.427594 0.518319 -0.740614
0 2 -0 0.5 0.1625 0 1 0
0.353553 1.70711 0.612372 0.539063 0.088592 0.427594 0.518319 0.740614
0.707107 1.70711 -0 0.578125 0.15625 0.855188 0.518319 -0
-0.5 -1 0.866026 0.421875 0.979066 -0.49813 -0.086393 0.862788
-0.353553 -1.70711 0.612372 0.460938 0.911408 -0.427594 -0.518319 0.740614
0.353553 -1.70711 0.612372 0.539063 0.911408 0.427594 -0.518319 0.740614
-1 -1 0 0.34375 0.84375 -0.996261 -0.086393 0
-0.707107 -1.70711 -0 0.421875 0.84375 -0.855188 -0.518319 -0
-0.353553 -1.70711 0.612372 0.460938 0.911408 -0.427594 -0.518319 0.740614
-0.5 -1 -0.866025 0.421875 0.708434 -0.498131 -0.086393 -0.862787
-0.353553 -1.70711 -0.612372 0.460938 0.776092 -0.427594 -0.518319 -0.740614
-0.707107 -1.70711 -0 0.421875 0.84375 -0.855188 -0.518319 -0
0.5 -1 -0.866025 0.578125 0.708434 0.498131 -0.086393 -0.862787
0.353553 -1.70711 -0.612372 0.539063 0.776092 0.427594 -0.518319 -0.740614
-0.353553 -1.70711 -0.612372 0.460938 0.776092 -0.427594 -0.518319 -0.740614
1 -1 -0 0.65625 0.84375 0.996261 -0.086393 -0
0.707107 -1.70711 -0 0.578125 0.84375 0.855188 -0.518319 -0
0.353553 -1.70711 -0.612372 0.539063 0.776092 0.427594 -0.518319 -0.740614
0.5 -1 0.866025 0.578125 0.979066 0.498131 -0.086393 0.862787
0.353553 -1.70711 0.612372 0.539063 0.911408 0.427594 -0.518319 0.740614
0.707107 -1.70711 -0 0.578125 0.84375 0.855188 -0.518319 -0
-0.5 1 0.866026 0.416667 0.31156 -0.49813 0.086393 0.862788
-0.5 -1 0.866026 0.416667 0.6875 -0.49813 -0.086393 0.862788
0.5 -1 0.866025 0.375 0.6875 0.498131 -0.086393 0.862787
-1 1 0 0.458333 0.31156 -0.996261 0.086393 0
-1 -1 0 0.458333 0.6875 -0.996261 -0.086393 0
-0.5 -1 0.866026 0.416667 0.6875 -0.49813 -0.086393 0.862788
-0.5 1 -0.866025 0.5 0.31156 -0.498131 0.086393 -0.862787
-0.5 -1 -0.866025 0.5 0.6875 -0.498131 -0.086393 -0.862787
-1 -1 0 0.458333 0.6875 -0.996261 -0.086393 0
0.5 1 -0.866025 0.541667 0.31156 0.498131 0.086393 -0.862788
0.5 -1 -0.866025 0.541667 0.6875 0.498131 -0.086393 -0.862787
-0.5 -1 -0.866025 0.5 0.6875 -0.498131 -0.086393 -0.862787
1 1 -0 0.583333 0.31156 0.996261 0.086393 -0
1 -1 -0 0.583333 0.6875 0.996261 -0.086393 -0
0.5 -1 -0.866025 0.541667 0.6875 0.498131 -0.086393 -0.862787
0.5 1 0.866025 0.625 0.31156 0.498131 0.086393 0.862787
0.5 -1 0.866025 0.625 0.6875 0.498131 -0.086393 0.862787
1 -1 -0 0.583333 0.6875 0.996261 -0.086393 -0
-0.353553 1.70711 0.612372 0.460938 0.088592 -0.427594 0.518319 0.740614
-0.5 1 0.866026 0.421875 0.020934 -0.49813 0.086393 0.862788
0.5 1 0.866025 0.578125 0.020934 0.498131 0.086393 0.862787
-0.707107 1.70711 -0 0.421875 0.15625 -0.855188 0.518319 0
-1 1 0 0.34375 0.15625 -0.996261 0.086393 0
-0.5 1 0.866026 0.421875 0.020934 -0.49813 0.086393 0.862788
-0.353553 1.70711 -0.612372 0.460938 0.223908 -0.427594 0.518319 -0.740614
-0.5 1 -0.866025 0.421875 0.291566 -0.498131 0.086393 -0.862787
-1 1 0 0.34375 0.15625 -0.996261 0.086393 0
0.353553 1.70711 -0.612372 0.539063 0.223908 0.427594 0.518319 -0.740614
0.5 1 -0.866025 0.578125 0.291566 0.498131 0.086393 -0.862788
-0.5 1 -0.866025 0.421875 0.291566 -0.498131 0.086393 -0.862787
0.707107 1.70711 -0 0.578125 0.15625 0.855188 0.518319 -0
1 1 -0 0.65625 0.15625 0.996261 0.086393 -0
0.5 1 -0.866025 0.578125 0.291566 0.498131 0.086393 -0.862788
0.353553 1.70711 0.612372 0.539063 0.088592 0.427594 0.518319 0.740614
0.5 1 0.866025 0.578125 0.020934 0.498131 0.086393 0.862787
1 1 -0 0.65625 0.15625 0.996261 0.086393 -0
0 -2 -0 0.5 0.85 0 -1 0
0.353553 -1.70711 0.612372 0.539063 0.911408 0.427594 -0.518319 0.740614
-0.353553 -1.70711 0.612372 0.460938 0.911408 -0.427594 -0.518319 0.740614
0 -2 -0 0.5 0.85 0 -1 0
-0.353553 -1.70711 0.612372 0.460938 0.911408 -0.427594 -0.518319 0.740614
-0.707107 -1.70711 -0 0.421875 0.84375 -0.855188 -0.518319 -0
0 -2 -0 0.5 0.85 0 -1 0
-0.707107 -1.70711 -0 0.421875 0.84375 -0.855188 -0.518319 -0
-0.353553 -1.70711 -0.612372 0.460938 0.776092 -0.427594 -0.518319 -0.740614
0 -2 -0 0.5 0.85 0 -1 0
-0.353553 -1.70711 -0.612372 0.460938 0.776092 -0.427594 -0.518319 -0.740614
0.353553 -1.70711 -0.612372 0.539063 0.776092 0.427594 -0.518319 -0.740614
0 -2 -0 0.5 0.85 0 -1 0
0.353553 -1.70711 -0.612372 0.539063 0.776092 0.427594 -0.518319 -0.740614
0.707107 -1.70711 -0 0.578125 0.84375 0.855188 -0.518319 -0
0 -2 -0 0.5 0.85 0 -1 0
0.707107 -1.70711 -0 0.578125 0.84375 0.855188 -0.518319 -0
0.353553 -1.70711 0.612372 0.539063 0.911408 0.427594 -0.518319 0.740614
0 2 -0 0.5 0.1625 0 1 0
-0.353553 1.70711 0.612372 0.460938 0.088592 -0.427594 0.518319 0.740614
0.353553 1.70711 0.612372 0.539063 0.088592 0.427594 0.518319 0.740614
0 2 -0 0.5 0.1625 0 1 0
-0.707107 1.70711 -0 0.421875 0.15625 -0.855188 0.518319 0
-0.353553 1.70711 0.612372 0.460938 0.088592 -0.427594 0.518319 0.740614
0 2 -0 0.5 0.1625 0 1 0
-0.353553 1.70711 -0.612372 0.460938 0.223908 -0.427594 0.518319 -0.740614
-0.707107 1.70711 -0 0.421875 0.15625 -0.855188 0.518319 0
0 2 -0 0.5 0.1625 0 1 0
0.353553 1.70711 -0.612372 0.539063 0.223908 0.427594 0.518319 -0.740614
-0.353553 1.70711 -0.612372 0.460938 0.223908 -0.427594 0.518319 -0.740614
0 2 -0 0.5 0.1625 0 1 0
0.707107 1.70711 -0 0.578125 0.15625 0.855188 0.518319 -0
0.353553 1.70711 -0.612372 0.539063 0.223908 0.427594 0.518319 -0.740614
0 2 -0 0.5 0.1625 0 1 0
0.353553 1.70711 0.612372 0.539063 0.088592 0.427594 0.518319 0.740614
0.707107 1.70711 -0 0.578125 0.15625 0.855188 0.518319 -0
