Vertex Count: 432

Data:

0.433013 -1.5 0.75 0.552083 0.933961 0.480178 -0.441556 0.75793
-0.25 -1.86602 0.433013 0.473958 0.888855 -0.242551 -0.80847 0.536233
0.25 -1.86602 0.433013 0.526042 0.888855 0.343116 -0.80847 0.478172
-0.433013 -1.5 0.75 0.447917 0.933961 -0.416298 -0.441556 0.794811
-0.25 -1.86602 0.433013 0.473958 0.888855 -0.242551 -0.80847 0.536233
0.433013 -1.5 0.75 0.552083 0.933961 0.480178 -0.441556 0.75793
-0.433013 -1.5 0.75 0.447917 0.933961 -0.416298 -0.441556 0.794811
-0.5 -1.86602 -0 0.447917 0.84375 -0.585667 -0.80847 0.058061
-0.25 -1.86602 0.433013 0.473958 0.888855 -0.242551 -0.80847 0.536233
-0.866025 -1.5 -0 0.395833 0.84375 -0.896476 -0.441556 0.036881
-0.5 -1.86602 -0 0.447917 0.84375 -0.585667 -0.80847 0.058061
-0.433013 -1.5 0.75 0.447917 0.933961 -0.416298 -0.441556 0.794811
-0.866025 -1.5 -0 0.395833 0.84375 -0.896476 -0.441556 0.036881
-0.25 -1.86602 -0.433013 0.473958 0.798645 -0.343116 -0.80847 -0.478172
-0.5 -1.86602 -0 0.447917 0.84375 -0.585667 -0.80847 0.058061
-0.433013 -1.5 -0.75 0.447917 0.753539 -0.480178 -0.441556 -0.75793
-0.25 -1.86602 -0.433013 0.473958 0.798645 -0.343116 -0.80847 -0.478172
-0.866025 -1.5 -0 0.395833 0.84375 -0.896476 -0.441556 0.036881
-0.433013 -1.5 -0.75 0.447917 0.753539 -0.480178 -0.441556 -0.75793
0.25 -1.86602 -0.433013 0.526042 0.798645 0.242551 -0.80847 -0.536233
-0.25 -1.86602 -0.433013 0.473958 0.798645 -0.343116 -0.80847 -0.478172
0.433013 -1.5 -0.75 0.552083 0.753539 0.416298 -0.441556 -0.794811
0.25 -1.86602 -0.433013 0.526042 0.798645 0.242551 -0.80847 -0.536233
-0.433013 -1.5 -0.75 0.447917 0.753539 -0.480178 -0.441556 -0.75793
0.433013 -1.5 -0.75 0.552083 0.753539 0.416298 -0.441556 -0.794811
0.5 -1.86602 -0 0.552083 0.84375 0.585667 -0.80847 -0.058061
0.25 -1.86602 -0.433013 0.526042 0.798645 0.242551 -0.80847 -0.536233
0.866025 -1.5 -0 0.604167 0.84375 0.896476 -0.441556 -0.036881
0.5 -1.86602 -0 0.552083 0.84375 0.585667 -0.80847 -0.058061
0.433013 -1.5 -0.75 0.552083 0.753539 0.416298 -0.441556 -0.794811
0.866025 -1.5 -0 0.604167 0.84375 0.896476 -0.441556 -0.036881
0.25 -1.86602 0.433013 0.526042 0.888855 0.343116 -0.80847 0.478172
0.5 -1.86602 -0 0.552083 0.84375 0.585667 -0.80847 -0.058061
0.433013 -1.5 0.75 0.552083 0.933961 0.480178 -0.441556 0.75793
0.25 -1.86602 0.433013 0.526042 0.888855 0.343116 -0.80847 0.478172
0.866025 -1.5 -0 0.604167 0.84375 0.896476 -0.441556 -0.036881
0.5 -1 0.866025 0.578125 0.979066 0.503511 -0.048144 0.862646
-0.433013 -1.5 0.75 0.447917 0.933961 -0.416298 -0.441556 0.794811
0.433013 -1.5 0.75 0.552083 0.933961 0.480178 -0.441556 0.75793
-0.5 -1 0.866026 0.421875 0.979066 -0.495318 -0.048144 0.867377
-0.433013 -1.5 0.75 0.447917 0.933961 -0.416298 -0.441556 0.794811
0.5 -1 0.866025 0.578125 0.979066 0.503511 -0.048144 0.862646
-0.5 -1 0.866026 0.421875 0.979066 -0.495318 -0.048144 0.867377
-0.866025 -1.5 -0 0.395833 0.84375 -0.896476 -0.441556 0.036881
-0.433013 -1.5 0.75 0.447917 0.933961 -0.416298 -0.441556 0.794811
-1 -1 0 0.34375 0.84375 -0.998829 -0.048144 0.00473
-0.866025 -1.5 -0 0.395833 0.84375 -0.896476 -0.441556 0.036881
-0.5 -1 0.866026 0.421875 0.979066 -0.495318 -0.048144 0.867377
-1 -1 0 0.34375 0.84375 -0.998829 -0.048144 0.00473
-0.433013 -1.5 -0.75 0.447917 0.753539 -0.480178 -0.441556 -0.75793
-0.866025 -1.5 -0 0.395833 0.84375 -0.896476 -0.441556 0.036881
-0.5 -1 -0.866025 0.421875 0.708434 -0.503511 -0.048144 -0.862646
-0.433013 -1.5 -0.75 0.447917 0.753539 -0.480178 -0.441556 -0.75793
-1 -1 0 0.34375 0.84375 -0.998829 -0.048144 0.00473
-0.5 -1 -0.866025 0.421875 0.708434 -0.503511 -0.048144 -0.862646
0.433013 -1.5 -0.75 0.552083 0.753539 0.416298 -0.441556 -0.794811
-0.433013 -1.5 -0.75 0.447917 0.753539 -0.480178 -0.441556 -0.75793
0.5 -1 -0.866025 0.578125 0.708434 0.495318 -0.048144 -0.867377
0.433013 -1.5 -0.75 0.552083 0.753539 0.416298 -0.441556 -0.794811
-0.5 -1 -0.866025 0.421875 0.708434 -0.503511 -0.048144 -0.862646
0.5 -1 -0.866025 0.578125 0.708434 0.495318 -0.048144 -0.867377
0.866025 -1.5 -0 0.604167 0.84375 0.896476 -0.441556 -0.036881
0.433013 -1.5 -0.75 0.552083 0.753539 0.416298 -0.441556 -0.794811
1 -1 -0 0.65625 0.84375 0.998829 -0.048144 -0.00473
0.866025 -1.5 -0 0.604167 0.84375 0.896476 -0.441556 -0.036881
0.5 -1 -0.866025 0.578125 0.708434 0.495318 -0.048144 -0.867377
1 -1 -0 0.65625 0.84375 0.998829 -0.048144 -0.00473
0.433013 -1.5 0.75 0.552083 0.933961 0.480178 -0.441556 0.75793
0.866025 -1.5 -0 0.604167 0.84375 0.896476 -0.441556 -0.036881
0.5 -1 0.866025 0.578125 0.979066 0.503511 -0.048144 0.862646
0.433013 -1.5 0.75 0.552083 0.933961 0.480178 -0.441556 0.75793
1 -1 -0 0.65625 0.84375 0.998829 -0.048144 -0.00473
0.5 1 0.866025 0.375 0.31156 0.495319 0.048144 0.867376
-0.5 -1 0.866026 0.416667 0.6875 -0.495318 -0.048144 0.867377
0.5 -1 0.866025 0.375 0.6875 0.503511 -0.048144 0.862646
-0.5 1 0.866026 0.416667 0.31156 -0.503511 0.048144 0.862647
-0.5 -1 0.866026 0.416667 0.6875 -0.495318 -0.048144 0.867377
0.5 1 0.866025 0.375 0.31156 0.495319 0.048144 0.867376
-0.5 1 0.866026 0.416667 0.31156 -0.503511 0.048144 0.862647
-1 -1 0 0.458333 0.6875 -0.998829 -0.048144 0.00473
-0.5 -1 0.866026 0.416667 0.6875 -0.495318 -0.048144 0.867377
-1 1 0 0.458333 0.31156 -0.998829 0.048144 -0.00473
-1 -1 0 0.458333 0.6875 -0.998829 -0.048144 0.00473
-0.5 1 0.866026 0.416667 0.31156 -0.503511 0.048144 0.862647
-1 1 0 0.458333 0.31156 -0.998829 0.048144 -0.00473
-0.5 -1 -0.866025 0.5 0.6875 -0.503511 -0.048144 -0.862646
-1 -1 0 0.458333 0.6875 -0.998829 -0.048144 0.00473
-0.5 1 -0.866025 0.5 0.31156 -0.495318 0.048144 -0.867376
-0.5 -1 -0.866025 0.5 0.6875 -0.503511 -0.048144 -0.862646
-1 1 0 0.458333 0.31156 -0.998829 0.048144 -0.00473
-0.5 1 -0.866025 0.5 0.31156 -0.495318 0.048144 -0.867376
0.5 -1 -0.866025 0.541667 0.6875 0.495318 -0.048144 -0.867377
-0.5 -1 -0.866025 0.5 0.6875 -0.503511 -0.048144 -0.862646
0.5 1 -0.866025 0.541667 0.31156 0.503511 0.048144 -0.862647
0.5 -1 -0.866025 0.541667 0.6875 0.495318 -0.048144 -0.867377
-0.5 1 -0.866025 0.5 0.31156 -0.495318 0.048144 -0.867376
0.5 1 -0.866025 0.541667 0.31156 0.503511 0.048144 -0.862647
1 -1 -0 0.583333 0.6875 0.998829 -0.048144 -0.00473
0.5 -1 -0.866025 0.541667 0.6875 0.495318 -0.048144 -0.867377
1 1 -0 0.583333 0.31156 0.998829 0.048144 0.00473
1 -1 -0 0.583333 0.6875 0.998829 -0.048144 -0.00473
0.5 1 -0.866025 0.541667 0.31156 0.503511 0.048144 -0.862647
1 1 -0 0.583333 0.31156 0.998829 0.048144 0.00473
0.5 -1 0.866025 0.625 0.6875 0.503511 -0.048144 0.862646
1 -1 -0 0.583333 0.6875 0.998829 -0.048144 -0.00473
0.5 1 0.866025 0.625 0.31156 0.495319 0.048144 0.867376
0.5 -1 0.866025 0.625 0.6875 0.503511 -0.048144 0.862646
1 1 -0 0.583333 0.31156 0.998829 0.048144 0.00473
0.433013 1.5 0.75 0.552083 0.066039 0.416298 0.441556 0.794811
-0.5 1 0.866026 0.421875 0.020934 -0.503511 0.048144 0.862647
0.5 1 0.866025 0.578125 0.020934 0.495319 0.048144 0.867376
-0.433013 1.5 0.75 0.447917 0.066039 -0.480178 0.441556 0.75793
-0.5 1 0.866026 0.421875 0.020934 -0.503511 0.048144 0.862647
0.433013 1.5 0.75 0.552083 0.066039 0.416298 0.441556 0.794811
-0.433013 1.5 0.75 0.447917 0.066039 -0.480178 0.441556 0.75793
-1 1 0 0.34375 0.15625 -0.998829 0.048144 -0.00473
-0.5 1 0.866026 0.421875 0.020934 -0.503511 0.048144 0.862647
-0.866025 1.5 -0 0.395833 0.15625 -0.896475 0.441556 -0.036881
-1 1 0 0.34375 0.15625 -0.998829 0.048144 -0.00473
-0.433013 1.5 0.75 0.447917 0.066039 -0.480178 0.441556 0.75793
-0.866025 1.5 -0 0.395833 0.15625 -0.896475 0.441556 -0.036881
-0.5 1 -0.866025 0.421875 0.291566 -0.495318 0.048144 -0.867376
-1 1 0 0.34375 0.15625 -0.998829 0.048144 -0.00473
-0.433013 1.5 -0.75 0.447917 0.246461 -0.416298 0.441556 -0.794811
-0.5 1 -0.866025 0.421875 0.291566 -0.495318 0.048144 -0.867376
-0.866025 1.5 -0 0.395833 0.15625 -0.896475 0.441556 -0.036881
-0.433013 1.5 -0.75 0.447917 0.246461 -0.416298 0.441556 -0.794811
0.5 1 -0.866025 0.578125 0.291566 0.503511 0.048144 -0.862647
-0.5 1 -0.866025 0.421875 0.291566 -0.495318 0.048144 -0.867376
0.433013 1.5 -0.75 0.552083 0.246461 0.480178 0.441556 -0.75793
0.5 1 -0.866025 0.578125 0.291566 0.503511 0.048144 -0.862647
-0.433013 1.5 -0.75 0.447917 0.246461 -0.416298 0.441556 -0.794811
0.433013 1.5 -0.75 0.552083 0.246461 0.480178 0.441556 -0.75793
1 1 -0 0.65625 0.15625 0.998829 0.048144 0.00473
0.5 1 -0.866025 0.578125 0.291566 0.503511 0.048144 -0.862647
0.866025 1.5 -0 0.604167 0.15625 0.896475 0.441556 0.036881
1 1 -0 0.65625 0.15625 0.998829 0.048144 0.00473
0.433013 1.5 -0.75 0.552083 0.246461 0.480178 0.441556 -0.75793
0.866025 1.5 -0 0.604167 0.15625 0.896475 0.441556 0.036881
0.5 1 0.866025 0.578125 0.020934 0.495319 0.048144 0.867376
1 1 -0 0.65625 0.15625 0.998829 0.048144 0.00473
0.433013 1.5 0.75 0.552083 0.066039 0.416298 0.441556 0.794811
0.5 1 0.866025 0.578125 0.020934 0.495319 0.048144 0.867376
0.866025 1.5 -0 0.604167 0.15625 0.896475 0.441556 0.036881
0.25 1.86602 0.433013 0.526042 0.111145 0.242551 0.80847 0.536233
-0.433013 1.5 0.75 0.447917 0.066039 -0.480178 0.441556 0.75793
0.433013 1.5 0.75 0.552083 0.066039 0.416298 0.441556 0.794811
-0.25 1.86602 0.433013 0.473958 0.111145 -0.343116 0.80847 0.478172
-0.433013 1.5 0.75 0.447917 0.066039 -0.480178 0.441556 0.75793
0.25 1.86602 0.433013 0.526042 0.111145 0.242551 0.80847 0.536233
-0.25 1.86602 0.433013 0.473958 0.111145 -0.343116 0.80847 0.478172
-0.866025 1.5 -0 0.395833 0.15625 -0.896475 0.441556 -0.036881
-0.433013 1.5 0.75 0.447917 0.066039 -0.480178 0.441556 0.75793
-0.5 1.86602 -0 0.447917 0.15625 -0.585667 0.80847 -0.058061
-0.866025 1.5 -0 0.395833 0.15625 -0.896475 0.441556 -0.036881
-0.25 1.86602 0.433013 0.473958 0.111145 -0.343116 0.80847 0.478172
-0.5 1.86602 -0 0.447917 0.15625 -0.585667 0.80847 -0.058061
-0.433013 1.5 -0.75 0.447917 0.246461 -0.416298 0.441556 -0.794811
-0.866025 1.5 -0 0.395833 0.15625 -0.896475 0.441556 -0.036881
-0.25 1.86602 -0.433013 0.473958 0.201356 -0.242551 0.80847 -0.536233
-0.433013 1.5 -0.75 0.447917 0.246461 -0.416298 0.441556 -0.794811
-0.5 1.86602 -0 0.447917 0.15625 -0.585667 0.80847 -0.058061
-0.25 1.86602 -0.433013 0.473958 0.201356 -0.242551 0.80847 -0.536233
0.433013 1.5 -0.75 0.552083 0.246461 0.480178 0.441556 -0.75793
-0.433013 1.5 -0.75 0.447917 0.246461 -0.416298 0.441556 -0.794811
0.25 1.86602 -0.433013 0.526042 0.201355 0.343116 0.80847 -0.478172
0.433013 1.5 -0.75 0.552083 0.246461 0.480178 0.441556 -0.75793
-0.25 1.86602 -0.433013 0.473958 0.201356 -0.242551 0.80847 -0.536233
0.25 1.86602 -0.433013 0.526042 0.201355 0.343116 0.80847 -0.478172
0.866025 1.5 -0 0.604167 0.15625 0.896475 0.441556 0.036881
0.433013 1.5 -0.75 0.552083 0.246461 0.480178 0.441556 -0.75793
0.5 1.86602 -0 0.552083 0.15625 0.585667 0.80847 0.058061
0.866025 1.5 -0 0.604167 0.15625 0.896475 0.441556 0.036881
0.25 1.86602 -0.433013 0.526042 0.201355 0.343116 0.80847 -0.478172
0.5 1.86602 -0 0.552083 0.15625 0.585667 0.80847 0.058061
0.433013 1.5 0.75 0.552083 0.066039 0.416298 0.441556 0.794811
0.866025 1.5 -0 0.604167 0.15625 0.896475 0.441556 0.036881
0.25 1.86602 0.433013 0.526042 0.111145 0.242551 0.80847 0.536233
0.433013 1.5 0.75 0.552083 0.066039 0.416298 0.441556 0.794811
0.5 1.86602 -0 0.552083 0.15625 0.585667 0.80847 0.058061
0 -2 -0 0.5 0.85 0 -1 -0
0.25 -1.86602 0.433013 0.526042 0.888855 0.343116 -0.80847 0.478172
-0.25 -1.86602 0.433013 0.473958 0.888855 -0.242551 -0.80847 0.536233
0 -2 -0 0.5 0.85 0 -1 -0
-0.25 -1.86602 0.433013 0.473958 0.888855 -0.242551 -0.80847 0.536233
-0.5 -1.86602 -0 0.447917 0.84375 -0.585667 -0.80847 0.058061
0 -2 -0 0.5 0.85 0 -1 -0
-0.5 -1.86602 -0 0.447917 0.84375 -0.585667 -0.80847 0.058061
-0.25 -1.86602 -0.433013 0.473958 0.798645 -0.343116 -0.80847 -0.478172
0 -2 -0 0.5 0.85 0 -1 -0
-0.25 -1.86602 -0.433013 0.473958 0.798645 -0.343116 -0.80847 -0.478172
0.25 -1.86602 -0.433013 0.526042 0.798645 0.242551 -0.80847 -0.536233
0 -2 -0 0.5 0.85 0 -1 -0
0.25 -1.86602 -0.433013 0.526042 0.798645 0.242551 -0.80847 -0.536233
0.5 -1.86602 -0 0.552083 0.84375 0.585667 -0.80847 -0.058061
0 -2 -0 0.5 0.85 0 -1 -0
0.5 -1.86602 -0 0.552083 0.84375 0.585667 -0.80847 -0.058061
0.25 -1.86602 0.433013 0.526042 0.888855 0.343116 -0.80847 0.478172
0 2 -0 0.5 0.1625 0 1 -0
-0.25 1.86602 0.433013 0.473958 0.111145 -0.343116 0.80847 0.478172
0.25 1.86602 0.433013 0.526042 0.111145 0.242551 0.80847 0.536233
0 2 -0 0.5 0.1625 0 1 -0
-0.5 1.86602 -0 0.447917 0.15625 -0.585667 0.80847 -0.058061
-0.25 1.86602 0.433013 0.473958 0.111145 -0.343116 0.80847 0.478172
0 2 -0 0.5 0.1625 0 1 -0
-0.25 1.86602 -0.433013 0.473958 0.201356 -0.242551 0.80847 -0.536233
-0.5 1.86602 -0 0.447917 0.15625 -0.585667 0.80847 -0.058061
0 2 -0 0.5 0.1625 0 1 -0
0.25 1.86602 -0.433013 0.526042 0.201355 0.343116 0.80847 -0.478172
-0.25 1.86602 -0.433013 0.473958 0.201356 -0.242551 0.80847 -0.536233
0 2 -0 0.5 0.1625 0 1 -0
0.5 1.86602 -0 0.552083 0.15625 0.585667 0.80847 0.058061
0.25 1.86602 -0.433013 0.526042 0.201355 0.343116 0.80847 -0.478172
0 2 -0 0.5 0.1625 0 1 -0
0.25 1.86602 0.433013 0.526042 0.111145 0.242551 0.80847 0.536233
0.5 1.86602 -0 0.552083 0.15625 0.585667 0.80847 0.058061
0.433013 -1.5 0.75 0.552083 0.933961 0.480178 -0.441556 0.75793
-0.25 -1.86602 0.433013 0.473958 0.888855 -0.242551 -0.80847 0.536233
0.25 -1.86602 0.433013 0.526042 0.888855 0.343116 -0.80847 0.478172
-0.433013 -1.5 0.75 0.447917 0.933961 -0.416298 -0.441556 0.794811
-0.25 -1.86602 0.433013 0.473958 0.888855 -0.242551 -0.80847 0.536233
0.433013 -1.5 0.75 0.552083 0.933961 0.480178 -0.441556 0.75793
-0.433013 -1.5 0.75 0.447917 0.933961 -0.416298 -0.441556 0.794811
-0.5 -1.86602 -0 0.447917 0.84375 -0.585667 -0.80847 0.058061
-0.25 -1.86602 0.433013 0.473958 0.888855 -0.242551 -0.80847 0.536233
-0.866025 -1.5 -0 0.395833 0.84375 -0.896476 -0.441556 0.036881
-0.5 -1.86602 -0 0.447917 0.84375 -0.585667 -0.80847 0.058061
-0.433013 -1.5 0.75 0.447917 0.933961 -0.416298 -0.441556 0.794811
-0.866025 -1.5 -0 0.395833 0.84375 -0.896476 -0.441556 0.036881
-0.25 -1.86602 -0.433013 0.473958 0.798645 -0.343116 -0.80847 -0.478172
-0.5 -1.86602 -0 0.447917 0.84375 -0.585667 -0.80847 0.058061
-0.433013 -1.5 -0.75 0.447917 0.753539 -0.480178 -0.441556 -0.75793
-0.25 -1.86602 -0.433013 0.473958 0.798645 -0.343116 -0.80847 -0.478172
-0.866025 -1.5 -0 0.395833 0.84375 -0.896476 -0.441556 0.036881
-0.433013 -1.5 -0.75 0.447917 0.753539 -0.480178 -0.441556 -0.75793
0.25 -1.86602 -0.433013 0.526042 0.798645 0.242551 -0.80847 -0.536233
-0.25 -1.86602 -0.433013 0.473958 0.798645 -0.343116 -0.80847 -0.478172
0.433013 -1.5 -0.75 0.552083 0.753539 0.416298 -0.441556 -0.794811
0.25 -1.86602 -0.433013 0.526042 0.798645 0.242551 -0.80847 -0.536233
-0.433013 -1.5 -0.75 0.447917 0.753539 -0.480178 -0.441556 -0.75793
0.433013 -1.5 -0.75 0.552083 0.753539 0.416298 -0.441556 -0.794811
0.5 -1.86602 -0 0.552083 0.84375 0.585667 -0.80847 -0.058061
0.25 -1.86602 -0.433013 0.526042 0.798645 0.242551 -0.80847 -0.536233
0.866025 -1.5 -0 0.604167 0.84375 0.896476 -0.441556 -0.036881
0.5 -1.86602 -0 0.552083 0.84375 0.585667 -0.80847 -0.058061
0.433013 -1.5 -0.75 0.552083 0.753539 0.416298 -0.441556 -0.794811
0.866025 -1.5 -0 0.604167 0.84375 0.896476 -0.441556 -0.036881
0.25 -1.86602 0.433013 0.526042 0.888855 0.343116 -0.80847 0.478172
0.5 -1.86602 -0 0.552083 0.84375 0.585667 -0.80847 -0.058061
0.433013 -1.5 0.75 0.552083 0.933961 0.480178 -0.441556 0.75793
0.25 -1.86602 0.433013 0.526042 0.888855 0.343116 -0.80847 0.478172
0.866025 -1.5 -0 0.604167 0.84375 0.896476 -0.441556 -0.036881
0.5 -1 0.866025 0.578125 0.979066 0.503511 -0.048144 0.862646
-0.433013 -1.5 0.75 0.447917 0.933961 -0.416298 -0.441556 0.794811
0.433013 -1.5 0.75 0.552083 0.933961 0.480178 -0.441556 0.75793
-0.5 -1 0.866026 0.421875 0.979066 -0.495318 -0.048144 0.867377
-0.433013 -1.5 0.75 0.447917 0.933961 -0.416298 -0.441556 0.794811
0.5 -1 0.866025 0.578125 0.979066 0.503511 -0.048144 0.862646
-0.5 -1 0.866026 0.421875 0.979066 -0.495318 -0.048144 0.867377
-0.866025 -1.5 -0 0.395833 0.84375 -0.896476 -0.441556 0.036881
-0.433013 -1.5 0.75 0.447917 0.933961 -0.416298 -0.441556 0.794811
-1 -1 0 0.34375 0.84375 -0.998829 -0.048144 0.00473
-0.866025 -1.5 -0 0.395833 0.84375 -0.896476 -0.441556 0.036881
-0.5 -1 0.866026 0.421875 0.979066 -0.495318 -0.048144 0.867377
-1 -1 0 0.34375 0.84375 -0.998829 -0.048144 0.00473
-0.433013 -1.5 -0.75 0.447917 0.753539 -0.480178 -0.441556 -0.75793
-0.866025 -1.5 -0 0.395833 0.84375 -0.896476 -0.441556 0.036881
-0.5 -1 -0.866025 0.421875 0.708434 -0.503511 -0.048144 -0.862646
-0.433013 -1.5 -0.75 0.447917 0.753539 -0.480178 -0.441556 -0.75793
-1 -1 0 0.34375 0.84375 -0.998829 -0.048144 0.00473
-0.5 -1 -0.866025 0.421875 0.708434 -0.503511 -0.048144 -0.862646
0.433013 -1.5 -0.75 0.552083 0.753539 0.416298 -0.441556 -0.794811
-0.433013 -1.5 -0.75 0.447917 0.753539 -0.480178 -0.441556 -0.75793
0.5 -1 -0.866025 0.578125 0.708434 0.495318 -0.048144 -0.867377
0.433013 -1.5 -0.75 0.552083 0.753539 0.416298 -0.441556 -0.794811
-0.5 -1 -0.866025 0.421875 0.708434 -0.503511 -0.048144 -0.862646
0.5 -1 -0.866025 0.578125 0.708434 0.495318 -0.048144 -0.867377
0.866025 -1.5 -0 0.604167 0.84375 0.896476 -0.441556 -0.036881
0.433013 -1.5 -0.75 0.552083 0.753539 0.416298 -0.441556 -0.794811
1 -1 -0 0.65625 0.84375 0.998829 -0.048144 -0.00473
0.866025 -1.5 -0 0.604167 0.84375 0.896476 -0.441556 -0.036881
0.5 -1 -0.866025 0.578125 0.708434 0.495318 -0.048144 -0.867377
1 -1 -0 0.65625 0.84375 0.998829 -0.048144 -0.00473
0.433013 -1.5 0.75 0.552083 0.933961 0.480178 -0.441556 0.75793
0.866025 -1.5 -0 0.604167 0.84375 0.896476 -0.441556 -0.036881
0.5 -1 0.866025 0.578125 0.979066 0.503511 -0.048144 0.862646
0.433013 -1.5 0.75 0.552083 0.933961 0.480178 -0.441556 0.75793
1 -1 -0 0.65625 0.84375 0.998829 -0.048144 -0.00473
0.5 1 0.866025 0.375 0.31156 0.495319 0.048144 0.867376
-0.5 -1 0.866026 0.416667 0.6875 -0.495318 -0.048144 0.867377
0.5 -1 0.866025 0.375 0.6875 0.503511 -0.048144 0.862646
-0.5 1 0.866026 0.416667 0.31156 -0.503511 0.048144 0.862647
-0.5 -1 0.866026 0.416667 0.6875 -0.495318 -0.048144 0.867377
0.5 1 0.866025 0.375 0.31156 0.495319 0.048144 0.867376
-0.5 1 0.866026 0.416667 0.31156 -0.503511 0.048144 0.862647
-1 -1 0 0.458333 0.6875 -0.998829 -0.048144 0.00473
-0.5 -1 0.866026 0.416667 0.6875 -0.495318 -0.048144 0.867377
-1 1 0 0.458333 0.31156 -0.998829 0.048144 -0.00473
-1 -1 0 0.458333 0.6875 -0.998829 -0.048144 0.00473
-0.5 1 0.866026 0.416667 0.31156 -0.503511 0.048144 0.862647
-1 1 0 0.458333 0.31156 -0.998829 0.048144 -0.00473
-0.5 -1 -0.866025 0.5 0.6875 -0.503511 -0.048144 -0.862646
-1 -1 0 0.458333 0.6875 -0.998829 -0.048144 0.00473
-0.5 1 -0.866025 0.5 0.31156 -0.495318 0.048144 -0.867376
-0.5 -1 -0.866025 0.5 0.6875 -0.503511 -0.048144 -0.862646
-1 1 0 0.458333 0.31156 -0.998829 0.048144 -0.00473
-0.5 1 -0.866025 0.5 0.31156 -0.495318 0.048144 -0.867376
0.5 -1 -0.866025 0.541667 0.6875 0.495318 -0.048144 -0.867377
-0.5 -1 -0.866025 0.5 0.6875 -0.503511 -0.048144 -0.862646
0.5 1 -0.866025 0.541667 0.31156 0.503511 0.048144 -0.862647
0.5 -1 -0.866025 0.541667 0.6875 0.495318 -0.048144 -0.867377
-0.5 1 -0.866025 0.5 0.31156 -0.495318 0.048144 -0.867376
0.5 1 -0.866025 0.541667 0.31156 0.503511 0.048144 -0.862647
1 -1 -0 0.583333 0.6875 0.998829 -0.048144 -0.00473
0.5 -1 -0.866025 0.541667 0.6875 0.495318 -0.048144 -0.867377
1 1 -0 0.583333 0.31156 0.998829 0.048144 0.00473
1 -1 -0 0.583333 0.6875 0.998829 -0.048144 -0.00473
0.5 1 -0.866025 0.541667 0.31156 0.503511 0.048144 -0.862647
1 1 -0 0.583333 0.31156 0.998829 0.048144 0.00473
0.5 -1 0.866025 0.625 0.6875 0.503511 -0.048144 0.862646
1 -1 -0 0.583333 0.6875 0.998829 -0.048144 -0.00473
0.5 1 0.866025 0.625 0.31156 0.495319 0.048144 0.867376
0.5 -1 0.866025 0.625 0.6875 0.503511 -0.048144 0.862646
1 1 -0 0.583333 0.31156 0.998829 0.048144 0.00473
0.433013 1.5 0.75 0.552083 0.066039 0.416298 0.441556 0.794811
-0.5 1 0.866026 0.421875 0.020934 -0.503511 0.048144 0.862647
0.5 1 0.866025 0.578125 0.020934 0.495319 0.048144 0.867376
-0.433013 1.5 0.75 0.447917 0.066039 -0.480178 0.441556 0.75793
-0.5 1 0.866026 0.421875 0.020934 -0.503511 0.048144 0.862647
0.433013 1.5 0.75 0.552083 0.066039 0.416298 0.441556 0.794811
-0.433013 1.5 0.75 0.447917 0.066039 -0.480178 0.441556 0.75793
-1 1 0 0.34375 0.15625 -0.998829 0.048144 -0.00473
-0.5 1 0.866026 0.421875 0.020934 -0.503511 0.048144 0.862647
-0.866025 1.5 -0 0.395833 0.15625 -0.896475 0.441556 -0.036881
-1 1 0 0.34375 0.15625 -0.998829 0.048144 -0.00473
-0.433013 1.5 0.75 0.447917 0.066039 -0.480178 0.441556 0.75793
-0.866025 1.5 -0 0.395833 0.15625 -0.896475 0.441556 -0.036881
-0.5 1 -0.866025 0.421875 0.291566 -0.495318 0.048144 -0.867376
-1 1 0 0.34375 0.15625 -0.998829 0.048144 -0.00473
-0.433013 1.5 -0.75 0.447917 0.246461 -0.416298 0.441556 -0.794811
-0.5 1 -0.866025 0.421875 0.291566 -0.495318 0.048144 -0.867376
-0.866025 1.5 -0 0.395833 0.15625 -0.896475 0.441556 -0.036881
-0.433013 1.5 -0.75 0.447917 0.246461 -0.416298 0.441556 -0.794811
0.5 1 -0.866025 0.578125 0.291566 0.503511 0.048144 -0.862647
-0.5 1 -0.866025 0.421875 0.291566 -0.495318 0.048144 -0.867376
0.433013 1.5 -0.75 0.552083 0.246461 0.480178 0.441556 -0.75793
0.5 1 -0.866025 0.578125 0.291566 0.503511 0.048144 -0.862647
-0.433013 1.5 -0.75 0.447917 0.246461 -0.416298 0.441556 -0.794811
0.433013 1.5 -0.75 0.552083 0.246461 0.480178 0.441556 -0.75793
1 1 -0 0.65625 0.15625 0.998829 0.048144 0.00473
0.5 1 -0.866025 0.578125 0.291566 0.503511 0.048144 -0.862647
0.866025 1.5 -0 0.604167 0.15625 0.896475 0.441556 0.036881
1 1 -0 0.65625 0.15625 0.998829 0.048144 0.00473
0.433013 1.5 -0.75 0.552083 0.246461 0.480178 0.441556 -0.75793
0.866025 1.5 -0 0.604167 0.15625 0.896475 0.441556 0.036881
0.5 1 0.866025 0.578125 0.020934 0.495319 0.048144 0.867376
1 1 -0 0.65625 0.15625 0.998829 0.048144 0.00473
0.433013 1.5 0.75 0.552083 0.066039 0.416298 0.441556 0.794811
0.5 1 0.866025 0.578125 0.020934 0.495319 0.048144 0.867376
0.866025 1.5 -0 0.604167 0.15625 0.896475 0.441556 0.036881
0.25 1.86602 0.433013 0.526042 0.111145 0.242551 0.80847 0.536233
-0.433013 1.5 0.75 0.447917 0.066039 -0.480178 0.441556 0.75793
0.433013 1.5 0.75 0.552083 0.066039 0.416298 0.441556 0.794811
-0.25 1.86602 0.433013 0.473958 0.111145 -0.343116 0.80847 0.478172
-0.433013 1.5 0.75 0.447917 0.066039 -0.480178 0.441556 0.75793
0.25 1.86602 0.433013 0.526042 0.111145 0.242551 0.80847 0.536233
-0.25 1.86602 0.433013 0.473958 0.111145 -0.343116 0.80847 0.478172
-0.866025 1.5 -0 0.395833 0.15625 -0.896475 0.441556 -0.036881
-0.433013 1.5 0.75 0.447917 0.066039 -0.480178 0.441556 0.75793
-0.5 1.86602 -0 0.447917 0.15625 -0.585667 0.80847 -0.058061
-0.866025 1.5 -0 0.395833 0.15625 -0.896475 0.441556 -0.036881
-0.25 1.86602 0.433013 0.473958 0.111145 -0.343116 0.80847 0.478172
-0.5 1.86602 -0 0.447917 0.15625 -0.585667 0.80847 -0.058061
-0.433013 1.5 -0.75 0.447917 0.246461 -0.416298 0.441556 -0.794811
-0.866025 1.5 -0 0.395833 0.15625 -0.896475 0.441556 -0.036881
-0.25 1.86602 -0.433013 0.473958 0.201356 -0.242551 0.80847 -0.536233
-0.433013 1.5 -0.75 0.447917 0.246461 -0.416298 0.441556 -0.794811
-0.5 1.86602 -0 0.447917 0.15625 -0.585667 0.80847 -0.058061
-0.25 1.86602 -0.433013 0.473958 0.201356 -0.242551 0.80847 -0.536233
0.433013 1.5 -0.75 0.552083 0.246461 0.480178 0.441556 -0.75793
-0.433013 1.5 -0.75 0.447917 0.246461 -0.416298 0.441556 -0.794811
0.25 1.86602 -0.433013 0.526042 0.201355 0.343116 0.80847 -0.478172
0.433013 1.5 -0.75 0.552083 0.246461 0.480178 0.441556 -0.75793
-0.25 1.86602 -0.433013 0.473958 0.201356 -0.242551 0.80847 -0.536233
0.25 1.86602 -0.433013 0.526042 0.201355 0.343116 0.80847 -0.478172
0.866025 1.5 -0 0.604167 0.15625 0.896475 0.441556 0.036881
0.433013 1.5 -0.75 0.552083 0.246461 0.480178 0.441556 -0.75793
0.5 1.86602 -0 0.552083 0.15625 0.585667 0.80847 0.058061
0.866025 1.5 -0 0.604167 0.15625 0.896475 0.441556 0.036881
0.25 1.86602 -0.433013 0.526042 0.201355 0.343116 0.80847 -0.478172
0.5 1.86602 -0 0.552083 0.15625 0.585667 0.80847 0.058061
0.433013 1.5 0.75 0.552083 0.066039 0.416298 0.441556 0.794811
0.866025 1.5 -0 0.604167 0.15625 0.896475 0.441556 0.036881
0.25 1.86602 0.433013 0.526042 0.111145 0.242551 0.80847 0.536233
0.433013 1.5 0.75 0.552083 0.066039 0.416298 0.441556 0.794811
0.5 1.86602 -0 0.552083 0.15625 0.585667 0.80847 0.058061
0 -2 -0 0.5 0.85 0 -1 -0
0.25 -1.86602 0.433013 0.526042 0.888855 0.343116 -0.80847 0.478172
-0.25 -1.86602 0.433013 0.473958 0.888855 -0.242551 -0.80847 0.536233
0 -2 -0 0.5 0.85 0 -1 -0
-0.25 -1.86602 0.433013 0.473958 0.888855 -0.242551 -0.80847 0.536233
-0.5 -1.86602 -0 0.447917 0.84375 -0.585667 -0.80847 0.058061
0 -2 -0 0.5 0.85 0 -1 -0
-0.5 -1.86602 -0 0.447917 0.84375 -0.585667 -0.80847 0.058061
-0.25 -1.86602 -0.433013 0.473958 0.798645 -0.343116 -0.80847 -0.478172
0 -2 -0 0.5 0.85 0 -1 -0
-0.25 -1.86602 -0.433013 0.473958 0.798645 -0.343116 -0.80847 -0.478172
0.25 -1.86602 -0.433013 0.526042 0.798645 0.242551 -0.80847 -0.536233
0 -2 -0 0.5 0.85 0 -1 -0
0.25 -1.86602 -0.433013 0.526042 0.798645 0.242551 -0.80847 -0.536233
0.5 -1.86602 -0 0.552083 0.84375 0.585667 -0.80847 -0.058061
0 -2 -0 0.5 0.85 0 -1 -0
0.5 -1.86602 -0 0.552083 0.84375 0.585667 -0.80847 -0.058061
0.25 -1.86602 0.433013 0.526042 0.888855 0.343116 -0.80847 0.478172
0 2 -0 0.5 0.1625 0 1 -0
-0.25 1.86602 0.433013 0.473958 0.111145 -0.343116 0.80847 0.478172
0.25 1.86602 0.433013 0.526042 0.111145 0.242551 0.80847 0.536233
0 2 -0 0.5 0.1625 0 1 -0
-0.5 1.86602 -0 0.447917 0.15625 -0.585667 0.80847 -0.058061
-0.25 1.86602 0.433013 0.473958 0.111145 -0.343116 0.80847 0.478172
0 2 -0 0.5 0.1625 0 1 -0
-0.25 1.86602 -0.433013 0.473958 0.201356 -0.242551 0.80847 -0.536233
-0.5 1.86602 -0 0.447917 0.15625 -0.585667 0.80847 -0.058061
0 2 -0 0.5 0.1625 0 1 -0
0.25 1.86602 -0.433013 0.526042 0.201355 0.343116 0.80847 -0.478172
-0.25 1.86602 -0.433013 0.473958 0.201356 -0.242551 0.80847 -0.536233
0 2 -0 0.5 0.1625 0 1 -0
0.5 1.86602 -0 0.552083 0.15625 0.585667 0.80847 0.058061
0.25 1.86602 -0.433013 0.526042 0.201355 0.343116 0.80847 -0.478172
0 2 -0 0.5 0.1625 0 1 -0
0.25 1.86602 0.433013 0.526042 0.111145 0.242551 0.80847 0.536233
0.5 1.86602 -0 0.552083 0.15625 0.585667 0.80847 0.058061
