Vertex Count: 1200

Data:

0.5 -1.90211 0.363271 0.05 0.9 0.26987 -0.942723 0.196072
0.253116 -1.97538 0.1839 0.05 0.95 0.162096 -0.979722 0.11777
0.297556 -1.97538 0.096682 0 0.95 0.190555 -0.979722 0.061915
0.363271 -1.90211 0.5 0.1 0.9 0.196072 -0.942723 0.26987
0.1839 -1.97538 0.253116 0.1 0.95 0.117769 -0.979722 0.162095
0.253116 -1.97538 0.1839 0.05 0.95 0.162096 -0.979722 0.11777
0.190983 -1.90211 0.587786 0.15 0.9 0.103081 -0.942723 0.317251
0.096682 -1.97538 0.297556 0.15 0.95 0.061915 -0.979722 0.190555
0.1839 -1.97538 0.253116 0.1 0.95 0.117769 -0.979722 0.162095
0 -1.90211 0.618034 0.2 0.9 -0 -0.942723 0.333578
0 -1.97538 0.312869 0.2 0.95 -0 -0.979722 0.200361
0.096682 -1.97538 0.297556 0.15 0.95 0.061915 -0.979722 0.190555
-0.190983 -1.90211 0.587786 0.25 0.9 -0.103081 -0.942722 0.317252
-0.096682 -1.97538 0.297556 0.25 0.95 -0.061915 -0.979722 0.190555
0 -1.97538 0.312869 0.2 0.95 -0 -0.979722 0.200361
-0.363271 -1.90211 0.5 0.3 0.9 -0.196072 -0.942722 0.269871
-0.1839 -1.97538 0.253116 0.3 0.95 -0.117769 -0.979722 0.162096
-0.096682 -1.97538 0.297556 0.25 0.95 -0.061915 -0.979722 0.190555
-0.5 -1.90211 0.363271 0.35 0.9 -0.26987 -0.942723 0.196072
-0.253116 -1.97538 0.1839 0.35 0.95 -0.162096 -0.979722 0.11777
-0.1839 -1.97538 0.253116 0.3 0.95 -0.117769 -0.979722 0.162096
-0.587785 -1.90211 0.190983 0.4 0.9 -0.317252 -0.942722 0.103081
-0.297556 -1.97538 0.096682 0.4 0.95 -0.190555 -0.979722 0.061915
-0.253116 -1.97538 0.1839 0.35 0.95 -0.162096 -0.979722 0.11777
-0.618034 -1.90211 -0 0.45 0.9 -0.333578 -0.942723 0
-0.312869 -1.97538 -0 0.45 0.95 -0.200361 -0.979722 -0
-0.297556 -1.97538 0.096682 0.4 0.95 -0.190555 -0.979722 0.061915
-0.587785 -1.90211 -0.190983 0.5 0.9 -0.317252 -0.942722 -0.103081
-0.297556 -1.97538 -0.096682 0.5 0.95 -0.190555 -0.979722 -0.061915
-0.312869 -1.97538 -0 0.45 0.95 -0.200361 -0.979722 -0
-0.5 -1.90211 -0.363271 0.55 0.9 -0.26987 -0.942723 -0.196072
-0.253116 -1.97538 -0.1839 0.55 0.95 -0.162096 -0.979722 -0.117769
-0.297556 -1.97538 -0.096682 0.5 0.95 -0.190555 -0.979722 -0.061915
-0.363271 -1.90211 -0.5 0.6 0.9 -0.196072 -0.942723 -0.26987
-0.1839 -1.97538 -0.253116 0.6 0.95 -0.117769 -0.979722 -0.162095
-0.253116 -1.97538 -0.1839 0.55 0.95 -0.162096 -0.979722 -0.117769
-0.190983 -1.90211 -0.587785 0.65 0.9 -0.103081 -0.942722 -0.317252
-0.096682 -1.97538 -0.297556 0.65 0.95 -0.061915 -0.979722 -0.190555
-0.1839 -1.97538 -0.253116 0.6 0.95 -0.117769 -0.979722 -0.162095
-0 -1.90211 -0.618034 0.7 0.9 0 -0.942723 -0.333578
-0 -1.97538 -0.312869 0.7 0.95 0 -0.979722 -0.200361
-0.096682 -1.97538 -0.297556 0.65 0.95 -0.061915 -0.979722 -0.190555
0.190983 -1.90211 -0.587785 0.75 0.9 0.103081 -0.942722 -0.317252
0.096682 -1.97538 -0.297556 0.75 0.95 0.061915 -0.979722 -0.190555
-0 -1.97538 -0.312869 0.7 0.95 0 -0.979722 -0.200361
0.363271 -1.90211 -0.5 0.8 0.9 0.196072 -0.942722 -0.26987
0.1839 -1.97538 -0.253116 0.8 0.95 0.117769 -0.979722 -0.162096
0.096682 -1.97538 -0.297556 0.75 0.95 0.061915 -0.979722 -0.190555
0.5 -1.90211 -0.363271 0.85 0.9 0.26987 -0.942722 -0.196073
0.253116 -1.97538 -0.1839 0.85 0.95 0.162096 -0.979722 -0.117769
0.1839 -1.97538 -0.253116 0.8 0.95 0.117769 -0.979722 -0.162096
0.587785 -1.90211 -0.190983 0.9 0.9 0.317252 -0.942722 -0.103081
0.297556 -1.97538 -0.096682 0.9 0.95 0.190555 -0.979722 -0.061915
0.253116 -1.97538 -0.1839 0.85 0.95 0.162096 -0.979722 -0.117769
0.618034 -1.90211 -0 0.95 0.9 0.333578 -0.942722 -0
0.312869 -1.97538 -0 0.95 0.95 0.200361 -0.979722 -1e-006
0.297556 -1.97538 -0.096682 0.9 0.95 0.190555 -0.979722 -0.061915
0.587786 -1.90211 0.190983 1 0.9 0.317252 -0.942722 0.103081
0.297556 -1.97538 0.096682 1 0.95 0.190555 -0.979722 0.061915
0.312869 -1.97538 -0 0.95 0.95 0.200361 -0.979722 -1e-006
0.734573 -1.78201 0.533698 0.05 0.85 0.380846 -0.882266 0.276701
0.5 -1.90211 0.363271 0.05 0.9 0.26987 -0.942723 0.196072
0.587786 -1.90211 0.190983 0 0.9 0.317252 -0.942722 0.103081
0.533698 -1.78201 0.734573 0.1 0.85 0.276701 -0.882266 0.380846
0.363271 -1.90211 0.5 0.1 0.9 0.196072 -0.942723 0.26987
0.5 -1.90211 0.363271 0.05 0.9 0.26987 -0.942723 0.196072
0.280582 -1.78201 0.863542 0.15 0.85 0.14547 -0.882266 0.447711
0.190983 -1.90211 0.587786 0.15 0.9 0.103081 -0.942723 0.317251
0.363271 -1.90211 0.5 0.1 0.9 0.196072 -0.942723 0.26987
0 -1.78201 0.907981 0.2 0.85 -0 -0.882266 0.470752
0 -1.90211 0.618034 0.2 0.9 -0 -0.942723 0.333578
0.190983 -1.90211 0.587786 0.15 0.9 0.103081 -0.942723 0.317251
-0.280582 -1.78201 0.863542 0.25 0.85 -0.14547 -0.882266 0.447712
-0.190983 -1.90211 0.587786 0.25 0.9 -0.103081 -0.942722 0.317252
0 -1.90211 0.618034 0.2 0.9 -0 -0.942723 0.333578
-0.533698 -1.78201 0.734572 0.3 0.85 -0.276701 -0.882266 0.380846
-0.363271 -1.90211 0.5 0.3 0.9 -0.196072 -0.942722 0.269871
-0.190983 -1.90211 0.587786 0.25 0.9 -0.103081 -0.942722 0.317252
-0.734572 -1.78201 0.533698 0.35 0.85 -0.380846 -0.882266 0.276701
-0.5 -1.90211 0.363271 0.35 0.9 -0.26987 -0.942723 0.196072
-0.363271 -1.90211 0.5 0.3 0.9 -0.196072 -0.942722 0.269871
-0.863542 -1.78201 0.280582 0.4 0.85 -0.447712 -0.882266 0.14547
-0.587785 -1.90211 0.190983 0.4 0.9 -0.317252 -0.942722 0.103081
-0.5 -1.90211 0.363271 0.35 0.9 -0.26987 -0.942723 0.196072
-0.907981 -1.78201 -0 0.45 0.85 -0.470752 -0.882266 -0
-0.618034 -1.90211 -0 0.45 0.9 -0.333578 -0.942723 0
-0.587785 -1.90211 0.190983 0.4 0.9 -0.317252 -0.942722 0.103081
-0.863542 -1.78201 -0.280582 0.5 0.85 -0.447712 -0.882266 -0.14547
-0.587785 -1.90211 -0.190983 0.5 0.9 -0.317252 -0.942722 -0.103081
-0.618034 -1.90211 -0 0.45 0.9 -0.333578 -0.942723 0
-0.734572 -1.78201 -0.533698 0.55 0.85 -0.380846 -0.882266 -0.276701
-0.5 -1.90211 -0.363271 0.55 0.9 -0.26987 -0.942723 -0.196072
-0.587785 -1.90211 -0.190983 0.5 0.9 -0.317252 -0.942722 -0.103081
-0.533698 -1.78201 -0.734572 0.6 0.85 -0.276701 -0.882266 -0.380846
-0.363271 -1.90211 -0.5 0.6 0.9 -0.196072 -0.942723 -0.26987
-0.5 -1.90211 -0.363271 0.55 0.9 -0.26987 -0.942723 -0.196072
-0.280582 -1.78201 -0.863541 0.65 0.85 -0.14547 -0.882266 -0.447712
-0.190983 -1.90211 -0.587785 0.65 0.9 -0.103081 -0.942722 -0.317252
-0.363271 -1.90211 -0.5 0.6 0.9 -0.196072 -0.942723 -0.26987
-0 -1.78201 -0.907981 0.7 0.85 0 -0.882266 -0.470752
-0 -1.90211 -0.618034 0.7 0.9 0 -0.942723 -0.333578
-0.190983 -1.90211 -0.587785 0.65 0.9 -0.103081 -0.942722 -0.317252
0.280582 -1.78201 -0.863541 0.75 0.85 0.14547 -0.882266 -0.447712
0.190983 -1.90211 -0.587785 0.75 0.9 0.103081 -0.942722 -0.317252
-0 -1.90211 -0.618034 0.7 0.9 0 -0.942723 -0.333578
0.533698 -1.78201 -0.734572 0.8 0.85 0.276701 -0.882266 -0.380846
0.363271 -1.90211 -0.5 0.8 0.9 0.196072 -0.942722 -0.26987
0.190983 -1.90211 -0.587785 0.75 0.9 0.103081 -0.942722 -0.317252
0.734572 -1.78201 -0.533698 0.85 0.85 0.380846 -0.882266 -0.276701
0.5 -1.90211 -0.363271 0.85 0.9 0.26987 -0.942722 -0.196073
0.363271 -1.90211 -0.5 0.8 0.9 0.196072 -0.942722 -0.26987
0.863541 -1.78201 -0.280582 0.9 0.85 0.447712 -0.882266 -0.14547
0.587785 -1.90211 -0.190983 0.9 0.9 0.317252 -0.942722 -0.103081
0.5 -1.90211 -0.363271 0.85 0.9 0.26987 -0.942722 -0.196073
0.907981 -1.78201 -0 0.95 0.85 0.470752 -0.882266 -0
0.618034 -1.90211 -0 0.95 0.9 0.333578 -0.942722 -0
0.587785 -1.90211 -0.190983 0.9 0.9 0.317252 -0.942722 -0.103081
0.863542 -1.78201 0.280582 1 0.85 0.447712 -0.882266 0.14547
0.587786 -1.90211 0.190983 1 0.9 0.317252 -0.942722 0.103081
0.618034 -1.90211 -0 0.95 0.9 0.333578 -0.942722 -0
0.951057 -1.61803 0.690983 0.05 0.8 0.485138 -0.800252 0.352474
0.734573 -1.78201 0.533698 0.05 0.85 0.380846 -0.882266 0.276701
0.863542 -1.78201 0.280582 0 0.85 0.447712 -0.882266 0.14547
0.690983 -1.61803 0.951057 0.1 0.8 0.352473 -0.800252 0.485138
0.533698 -1.78201 0.734573 0.1 0.85 0.276701 -0.882266 0.380846
0.734573 -1.78201 0.533698 0.05 0.85 0.380846 -0.882266 0.276701
0.363271 -1.61803 1.11803 0.15 0.8 0.185306 -0.800252 0.570314
0.280582 -1.78201 0.863542 0.15 0.85 0.14547 -0.882266 0.447711
0.533698 -1.78201 0.734573 0.1 0.85 0.276701 -0.882266 0.380846
0 -1.61803 1.17557 0.2 0.8 -0 -0.800252 0.599664
0 -1.78201 0.907981 0.2 0.85 -0 -0.882266 0.470752
0.280582 -1.78201 0.863542 0.15 0.85 0.14547 -0.882266 0.447711
-0.363271 -1.61803 1.11803 0.25 0.8 -0.185307 -0.800252 0.570314
-0.280582 -1.78201 0.863542 0.25 0.85 -0.14547 -0.882266 0.447712
0 -1.78201 0.907981 0.2 0.85 -0 -0.882266 0.470752
-0.690983 -1.61803 0.951057 0.3 0.8 -0.352474 -0.800252 0.485138
-0.533698 -1.78201 0.734572 0.3 0.85 -0.276701 -0.882266 0.380846
-0.280582 -1.78201 0.863542 0.25 0.85 -0.14547 -0.882266 0.447712
-0.951057 -1.61803 0.690983 0.35 0.8 -0.485138 -0.800252 0.352474
-0.734572 -1.78201 0.533698 0.35 0.85 -0.380846 -0.882266 0.276701
-0.533698 -1.78201 0.734572 0.3 0.85 -0.276701 -0.882266 0.380846
-1.11803 -1.61803 0.363271 0.4 0.8 -0.570314 -0.800252 0.185306
-0.863542 -1.78201 0.280582 0.4 0.85 -0.447712 -0.882266 0.14547
-0.734572 -1.78201 0.533698 0.35 0.85 -0.380846 -0.882266 0.276701
-1.17557 -1.61803 -0 0.45 0.8 -0.599664 -0.800252 -0
-0.907981 -1.78201 -0 0.45 0.85 -0.470752 -0.882266 -0
-0.863542 -1.78201 0.280582 0.4 0.85 -0.447712 -0.882266 0.14547
-1.11803 -1.61803 -0.363271 0.5 0.8 -0.570314 -0.800252 -0.185306
-0.863542 -1.78201 -0.280582 0.5 0.85 -0.447712 -0.882266 -0.14547
-0.907981 -1.78201 -0 0.45 0.85 -0.470752 -0.882266 -0
-0.951057 -1.61803 -0.690983 0.55 0.8 -0.485138 -0.800252 -0.352474
-0.734572 -1.78201 -0.533698 0.55 0.85 -0.380846 -0.882266 -0.276701
-0.863542 -1.78201 -0.280582 0.5 0.85 -0.447712 -0.882266 -0.14547
-0.690983 -1.61803 -0.951057 0.6 0.8 -0.352474 -0.800252 -0.485139
-0.533698 -1.78201 -0.734572 0.6 0.85 -0.276701 -0.882266 -0.380846
-0.734572 -1.78201 -0.533698 0.55 0.85 -0.380846 -0.882266 -0.276701
-0.363271 -1.61803 -1.11803 0.65 0.8 -0.185306 -0.800252 -0.570314
-0.280582 -1.78201 -0.863541 0.65 0.85 -0.14547 -0.882266 -0.447712
-0.533698 -1.78201 -0.734572 0.6 0.85 -0.276701 -0.882266 -0.380846
-0 -1.61803 -1.17557 0.7 0.8 -0 -0.800252 -0.599664
-0 -1.78201 -0.907981 0.7 0.85 0 -0.882266 -0.470752
-0.280582 -1.78201 -0.863541 0.65 0.85 -0.14547 -0.882266 -0.447712
0.363271 -1.61803 -1.11803 0.75 0.8 0.185306 -0.800252 -0.570315
0.280582 -1.78201 -0.863541 0.75 0.85 0.14547 -0.882266 -0.447712
-0 -1.78201 -0.907981 0.7 0.85 0 -0.882266 -0.470752
0.690983 -1.61803 -0.951057 0.8 0.8 0.352474 -0.800252 -0.485139
0.533698 -1.78201 -0.734572 0.8 0.85 0.276701 -0.882266 -0.380846
0.280582 -1.78201 -0.863541 0.75 0.85 0.14547 -0.882266 -0.447712
0.951057 -1.61803 -0.690983 0.85 0.8 0.485138 -0.800252 -0.352474
0.734572 -1.78201 -0.533698 0.85 0.85 0.380846 -0.882266 -0.276701
0.533698 -1.78201 -0.734572 0.8 0.85 0.276701 -0.882266 -0.380846
1.11803 -1.61803 -0.363271 0.9 0.8 0.570314 -0.800252 -0.185306
0.863541 -1.78201 -0.280582 0.9 0.85 0.447712 -0.882266 -0.14547
0.734572 -1.78201 -0.533698 0.85 0.85 0.380846 -0.882266 -0.276701
1.17557 -1.61803 -0 0.95 0.8 0.599664 -0.800252 -1e-006
0.907981 -1.78201 -0 0.95 0.85 0.470752 -0.882266 -0
0.863541 -1.78201 -0.280582 0.9 0.85 0.447712 -0.882266 -0.14547
1.11803 -1.61803 0.363271 1 0.8 0.570314 -0.800252 0.185306
0.863542 -1.78201 0.280582 1 0.85 0.447712 -0.882266 0.14547
0.907981 -1.78201 -0 0.95 0.85 0.470752 -0.882266 -0
1.14412 -1.41421 0.831254 0.05 0.75 0.578712 -0.698789 0.420459
0.951057 -1.61803 0.690983 0.05 0.8 0.485138 -0.800252 0.352474
1.11803 -1.61803 0.363271 0 0.8 0.570314 -0.800252 0.185306
0.831254 -1.41421 1.14412 0.1 0.75 0.420459 -0.698789 0.578713
0.690983 -1.61803 0.951057 0.1 0.8 0.352473 -0.800252 0.485138
0.951057 -1.61803 0.690983 0.05 0.8 0.485138 -0.800252 0.352474
0.437016 -1.41421 1.345 0.15 0.75 0.221049 -0.698789 0.680318
0.363271 -1.61803 1.11803 0.15 0.8 0.185306 -0.800252 0.570314
0.690983 -1.61803 0.951057 0.1 0.8 0.352473 -0.800252 0.485138
0 -1.41421 1.41421 0.2 0.75 -0 -0.698789 0.715328
0 -1.61803 1.17557 0.2 0.8 -0 -0.800252 0.599664
0.363271 -1.61803 1.11803 0.15 0.8 0.185306 -0.800252 0.570314
-0.437016 -1.41421 1.345 0.25 0.75 -0.221049 -0.698788 0.680318
-0.363271 -1.61803 1.11803 0.25 0.8 -0.185307 -0.800252 0.570314
0 -1.61803 1.17557 0.2 0.8 -0 -0.800252 0.599664
-0.831254 -1.41421 1.14412 0.3 0.75 -0.42046 -0.698789 0.578713
-0.690983 -1.61803 0.951057 0.3 0.8 -0.352474 -0.800252 0.485138
-0.363271 -1.61803 1.11803 0.25 0.8 -0.185307 -0.800252 0.570314
-1.14412 -1.41421 0.831254 0.35 0.75 -0.578713 -0.698789 0.420459
-0.951057 -1.61803 0.690983 0.35 0.8 -0.485138 -0.800252 0.352474
-0.690983 -1.61803 0.951057 0.3 0.8 -0.352474 -0.800252 0.485138
-1.345 -1.41421 0.437016 0.4 0.75 -0.680318 -0.698789 0.221049
-1.11803 -1.61803 0.363271 0.4 0.8 -0.570314 -0.800252 0.185306
-0.951057 -1.61803 0.690983 0.35 0.8 -0.485138 -0.800252 0.352474
-1.41421 -1.41421 -0 0.45 0.75 -0.715328 -0.698789 -0
-1.17557 -1.61803 -0 0.45 0.8 -0.599664 -0.800252 -0
-1.11803 -1.61803 0.363271 0.4 0.8 -0.570314 -0.800252 0.185306
-1.345 -1.41421 -0.437016 0.5 0.75 -0.680318 -0.698789 -0.221049
-1.11803 -1.61803 -0.363271 0.5 0.8 -0.570314 -0.800252 -0.185306
-1.17557 -1.61803 -0 0.45 0.8 -0.599664 -0.800252 -0
-1.14412 -1.41421 -0.831254 0.55 0.75 -0.578713 -0.698789 -0.42046
-0.951057 -1.61803 -0.690983 0.55 0.8 -0.485138 -0.800252 -0.352474
-1.11803 -1.61803 -0.363271 0.5 0.8 -0.570314 -0.800252 -0.185306
-0.831254 -1.41421 -1.14412 0.6 0.75 -0.420459 -0.698788 -0.578713
-0.690983 -1.61803 -0.951057 0.6 0.8 -0.352474 -0.800252 -0.485139
-0.951057 -1.61803 -0.690983 0.55 0.8 -0.485138 -0.800252 -0.352474
-0.437016 -1.41421 -1.345 0.65 0.75 -0.221049 -0.698788 -0.680318
-0.363271 -1.61803 -1.11803 0.65 0.8 -0.185306 -0.800252 -0.570314
-0.690983 -1.61803 -0.951057 0.6 0.8 -0.352474 -0.800252 -0.485139
-0 -1.41421 -1.41421 0.7 0.75 -0 -0.698788 -0.715328
-0 -1.61803 -1.17557 0.7 0.8 -0 -0.800252 -0.599664
-0.363271 -1.61803 -1.11803 0.65 0.8 -0.185306 -0.800252 -0.570314
0.437016 -1.41421 -1.345 0.75 0.75 0.221049 -0.698788 -0.680318
0.363271 -1.61803 -1.11803 0.75 0.8 0.185306 -0.800252 -0.570315
-0 -1.61803 -1.17557 0.7 0.8 -0 -0.800252 -0.599664
0.831254 -1.41421 -1.14412 0.8 0.75 0.42046 -0.698788 -0.578713
0.690983 -1.61803 -0.951057 0.8 0.8 0.352474 -0.800252 -0.485139
0.363271 -1.61803 -1.11803 0.75 0.8 0.185306 -0.800252 -0.570315
1.14412 -1.41421 -0.831254 0.85 0.75 0.578713 -0.698788 -0.42046
0.951057 -1.61803 -0.690983 0.85 0.8 0.485138 -0.800252 -0.352474
0.690983 -1.61803 -0.951057 0.8 0.8 0.352474 -0.800252 -0.485139
1.345 -1.41421 -0.437016 0.9 0.75 0.680318 -0.698788 -0.221049
1.11803 -1.61803 -0.363271 0.9 0.8 0.570314 -0.800252 -0.185306
0.951057 -1.61803 -0.690983 0.85 0.8 0.485138 -0.800252 -0.352474
1.41421 -1.41421 -0 0.95 0.75 0.715328 -0.698788 -1e-006
1.17557 -1.61803 -0 0.95 0.8 0.599664 -0.800252 -1e-006
1.11803 -1.61803 -0.363271 0.9 0.8 0.570314 -0.800252 -0.185306
1.345 -1.41421 0.437016 1 0.75 0.680318 -0.698789 0.221048
1.11803 -1.61803 0.363271 1 0.8 0.570314 -0.800252 0.185306
1.17557 -1.61803 -0 0.95 0.8 0.599664 -0.800252 -1e-006
1.30902 -1.17557 0.951057 0.05 0.7 0.658808 -0.580401 0.478652
1.14412 -1.41421 0.831254 0.05 0.75 0.578712 -0.698789 0.420459
1.345 -1.41421 0.437016 0 0.75 0.680318 -0.698789 0.221048
0.951057 -1.17557 1.30902 0.1 0.7 0.478652 -0.580401 0.658808
0.831254 -1.41421 1.14412 0.1 0.75 0.420459 -0.698789 0.578713
1.14412 -1.41421 0.831254 0.05 0.75 0.578712 -0.698789 0.420459
0.5 -1.17557 1.53884 0.15 0.7 0.251642 -0.580401 0.774475
0.437016 -1.41421 1.345 0.15 0.75 0.221049 -0.698789 0.680318
0.831254 -1.41421 1.14412 0.1 0.75 0.420459 -0.698789 0.578713
0 -1.17557 1.61803 0.2 0.7 -0 -0.580401 0.814331
0 -1.41421 1.41421 0.2 0.75 -0 -0.698789 0.715328
0.437016 -1.41421 1.345 0.15 0.75 0.221049 -0.698789 0.680318
-0.5 -1.17557 1.53884 0.25 0.7 -0.251642 -0.580401 0.774475
-0.437016 -1.41421 1.345 0.25 0.75 -0.221049 -0.698788 0.680318
0 -1.41421 1.41421 0.2 0.75 -0 -0.698789 0.715328
-0.951057 -1.17557 1.30902 0.3 0.7 -0.478652 -0.580401 0.658808
-0.831254 -1.41421 1.14412 0.3 0.75 -0.42046 -0.698789 0.578713
-0.437016 -1.41421 1.345 0.25 0.75 -0.221049 -0.698788 0.680318
-1.30902 -1.17557 0.951057 0.35 0.7 -0.658808 -0.580401 0.478652
-1.14412 -1.41421 0.831254 0.35 0.75 -0.578713 -0.698789 0.420459
-0.831254 -1.41421 1.14412 0.3 0.75 -0.42046 -0.698789 0.578713
-1.53884 -1.17557 0.5 0.4 0.7 -0.774475 -0.580401 0.251642
-1.345 -1.41421 0.437016 0.4 0.75 -0.680318 -0.698789 0.221049
-1.14412 -1.41421 0.831254 0.35 0.75 -0.578713 -0.698789 0.420459
-1.61803 -1.17557 -0 0.45 0.7 -0.814331 -0.580401 0
-1.41421 -1.41421 -0 0.45 0.75 -0.715328 -0.698789 -0
-1.345 -1.41421 0.437016 0.4 0.75 -0.680318 -0.698789 0.221049
-1.53884 -1.17557 -0.5 0.5 0.7 -0.774475 -0.580401 -0.251642
-1.345 -1.41421 -0.437016 0.5 0.75 -0.680318 -0.698789 -0.221049
-1.41421 -1.41421 -0 0.45 0.75 -0.715328 -0.698789 -0
-1.30902 -1.17557 -0.951057 0.55 0.7 -0.658808 -0.580401 -0.478652
-1.14412 -1.41421 -0.831254 0.55 0.75 -0.578713 -0.698789 -0.42046
-1.345 -1.41421 -0.437016 0.5 0.75 -0.680318 -0.698789 -0.221049
-0.951057 -1.17557 -1.30902 0.6 0.7 -0.478652 -0.580401 -0.658808
-0.831254 -1.41421 -1.14412 0.6 0.75 -0.420459 -0.698788 -0.578713
-1.14412 -1.41421 -0.831254 0.55 0.75 -0.578713 -0.698789 -0.42046
-0.5 -1.17557 -1.53884 0.65 0.7 -0.251642 -0.580401 -0.774475
-0.437016 -1.41421 -1.345 0.65 0.75 -0.221049 -0.698788 -0.680318
-0.831254 -1.41421 -1.14412 0.6 0.75 -0.420459 -0.698788 -0.578713
-0 -1.17557 -1.61803 0.7 0.7 0 -0.580401 -0.814331
-0 -1.41421 -1.41421 0.7 0.75 -0 -0.698788 -0.715328
-0.437016 -1.41421 -1.345 0.65 0.75 -0.221049 -0.698788 -0.680318
0.5 -1.17557 -1.53884 0.75 0.7 0.251642 -0.580401 -0.774475
0.437016 -1.41421 -1.345 0.75 0.75 0.221049 -0.698788 -0.680318
-0 -1.41421 -1.41421 0.7 0.75 -0 -0.698788 -0.715328
0.951057 -1.17557 -1.30902 0.8 0.7 0.478652 -0.580401 -0.658808
0.831254 -1.41421 -1.14412 0.8 0.75 0.42046 -0.698788 -0.578713
0.437016 -1.41421 -1.345 0.75 0.75 0.221049 -0.698788 -0.680318
1.30902 -1.17557 -0.951057 0.85 0.7 0.658808 -0.580401 -0.478652
1.14412 -1.41421 -0.831254 0.85 0.75 0.578713 -0.698788 -0.42046
0.831254 -1.41421 -1.14412 0.8 0.75 0.42046 -0.698788 -0.578713
1.53884 -1.17557 -0.5 0.9 0.7 0.774475 -0.580401 -0.251642
1.345 -1.41421 -0.437016 0.9 0.75 0.680318 -0.698788 -0.221049
1.14412 -1.41421 -0.831254 0.85 0.75 0.578713 -0.698788 -0.42046
1.61803 -1.17557 -0 0.95 0.7 0.814331 -0.580401 -1e-006
1.41421 -1.41421 -0 0.95 0.75 0.715328 -0.698788 -1e-006
1.345 -1.41421 -0.437016 0.9 0.75 0.680318 -0.698788 -0.221049
1.53884 -1.17557 0.5 1 0.7 0.774475 -0.580401 0.251641
1.345 -1.41421 0.437016 1 0.75 0.680318 -0.698789 0.221048
1.41421 -1.41421 -0 0.95 0.75 0.715328 -0.698788 -1e-006
1.44168 -0.907981 1.04744 0.05 0.65 0.723291 -0.447994 0.525502
1.30902 -1.17557 0.951057 0.05 0.7 0.658808 -0.580401 0.478652
1.53884 -1.17557 0.5 0 0.7 0.774475 -0.580401 0.251641
1.04744 -0.907981 1.44168 0.1 0.65 0.525501 -0.447994 0.723291
0.951057 -1.17557 1.30902 0.1 0.7 0.478652 -0.580401 0.658808
1.30902 -1.17557 0.951057 0.05 0.7 0.658808 -0.580401 0.478652
0.550673 -0.907981 1.6948 0.15 0.65 0.276272 -0.447994 0.85028
0.5 -1.17557 1.53884 0.15 0.7 0.251642 -0.580401 0.774475
0.951057 -1.17557 1.30902 0.1 0.7 0.478652 -0.580401 0.658808
0 -0.907981 1.78201 0.2 0.65 -0 -0.447994 0.894037
0 -1.17557 1.61803 0.2 0.7 -0 -0.580401 0.814331
0.5 -1.17557 1.53884 0.15 0.7 0.251642 -0.580401 0.774475
-0.550673 -0.907981 1.6948 0.25 0.65 -0.276273 -0.447994 0.850279
-0.5 -1.17557 1.53884 0.25 0.7 -0.251642 -0.580401 0.774475
0 -1.17557 1.61803 0.2 0.7 -0 -0.580401 0.814331
-1.04744 -0.907981 1.44168 0.3 0.65 -0.525502 -0.447994 0.723291
-0.951057 -1.17557 1.30902 0.3 0.7 -0.478652 -0.580401 0.658808
-0.5 -1.17557 1.53884 0.25 0.7 -0.251642 -0.580401 0.774475
-1.44168 -0.907981 1.04744 0.35 0.65 -0.723291 -0.447994 0.525501
-1.30902 -1.17557 0.951057 0.35 0.7 -0.658808 -0.580401 0.478652
-0.951057 -1.17557 1.30902 0.3 0.7 -0.478652 -0.580401 0.658808
-1.6948 -0.907981 0.550672 0.4 0.65 -0.85028 -0.447994 0.276272
-1.53884 -1.17557 0.5 0.4 0.7 -0.774475 -0.580401 0.251642
-1.30902 -1.17557 0.951057 0.35 0.7 -0.658808 -0.580401 0.478652
-1.78201 -0.907981 -0 0.45 0.65 -0.894037 -0.447994 0
-1.61803 -1.17557 -0 0.45 0.7 -0.814331 -0.580401 0
-1.53884 -1.17557 0.5 0.4 0.7 -0.774475 -0.580401 0.251642
-1.6948 -0.907981 -0.550672 0.5 0.65 -0.850279 -0.447994 -0.276272
-1.53884 -1.17557 -0.5 0.5 0.7 -0.774475 -0.580401 -0.251642
-1.61803 -1.17557 -0 0.45 0.7 -0.814331 -0.580401 0
-1.44168 -0.907981 -1.04744 0.55 0.65 -0.723291 -0.447994 -0.525502
-1.30902 -1.17557 -0.951057 0.55 0.7 -0.658808 -0.580401 -0.478652
-1.53884 -1.17557 -0.5 0.5 0.7 -0.774475 -0.580401 -0.251642
-1.04744 -0.907981 -1.44168 0.6 0.65 -0.525502 -0.447994 -0.723291
-0.951057 -1.17557 -1.30902 0.6 0.7 -0.478652 -0.580401 -0.658808
-1.30902 -1.17557 -0.951057 0.55 0.7 -0.658808 -0.580401 -0.478652
-0.550672 -0.907981 -1.6948 0.65 0.65 -0.276272 -0.447994 -0.85028
-0.5 -1.17557 -1.53884 0.65 0.7 -0.251642 -0.580401 -0.774475
-0.951057 -1.17557 -1.30902 0.6 0.7 -0.478652 -0.580401 -0.658808
-0 -0.907981 -1.78201 0.7 0.65 0 -0.447994 -0.894037
-0 -1.17557 -1.61803 0.7 0.7 0 -0.580401 -0.814331
-0.5 -1.17557 -1.53884 0.65 0.7 -0.251642 -0.580401 -0.774475
0.550672 -0.907981 -1.6948 0.75 0.65 0.276273 -0.447994 -0.85028
0.5 -1.17557 -1.53884 0.75 0.7 0.251642 -0.580401 -0.774475
-0 -1.17557 -1.61803 0.7 0.7 0 -0.580401 -0.814331
1.04744 -0.907981 -1.44168 0.8 0.65 0.525502 -0.447994 -0.723291
0.951057 -1.17557 -1.30902 0.8 0.7 0.478652 -0.580401 -0.658808
0.5 -1.17557 -1.53884 0.75 0.7 0.251642 -0.580401 -0.774475
1.44168 -0.907981 -1.04744 0.85 0.65 0.723291 -0.447994 -0.525502
1.30902 -1.17557 -0.951057 0.85 0.7 0.658808 -0.580401 -0.478652
0.951057 -1.17557 -1.30902 0.8 0.7 0.478652 -0.580401 -0.658808
1.6948 -0.907981 -0.550672 0.9 0.65 0.85028 -0.447994 -0.276273
1.53884 -1.17557 -0.5 0.9 0.7 0.774475 -0.580401 -0.251642
1.30902 -1.17557 -0.951057 0.85 0.7 0.658808 -0.580401 -0.478652
1.78201 -0.907981 -0 0.95 0.65 0.894037 -0.447993 -1e-006
1.61803 -1.17557 -0 0.95 0.7 0.814331 -0.580401 -1e-006
1.53884 -1.17557 -0.5 0.9 0.7 0.774475 -0.580401 -0.251642
1.6948 -0.907981 0.550673 1 0.65 0.85028 -0.447994 0.276272
1.53884 -1.17557 0.5 1 0.7 0.774475 -0.580401 0.251641
1.61803 -1.17557 -0 0.95 0.7 0.814331 -0.580401 -1e-006
1.53884 -0.618034 1.11803 0.05 0.6 0.770524 -0.304789 0.559819
1.44168 -0.907981 1.04744 0.05 0.65 0.723291 -0.447994 0.525502
1.6948 -0.907981 0.550673 0 0.65 0.85028 -0.447994 0.276272
1.11803 -0.618034 1.53884 0.1 0.6 0.559818 -0.304789 0.770524
1.04744 -0.907981 1.44168 0.1 0.65 0.525501 -0.447994 0.723291
1.44168 -0.907981 1.04744 0.05 0.65 0.723291 -0.447994 0.525502
0.587786 -0.618034 1.80902 0.15 0.6 0.294314 -0.304789 0.905805
0.550673 -0.907981 1.6948 0.15 0.65 0.276272 -0.447994 0.85028
1.04744 -0.907981 1.44168 0.1 0.65 0.525501 -0.447994 0.723291
0 -0.618034 1.90211 0.2 0.6 -0 -0.304789 0.95242
0 -0.907981 1.78201 0.2 0.65 -0 -0.447994 0.894037
0.550673 -0.907981 1.6948 0.15 0.65 0.276272 -0.447994 0.85028
-0.587786 -0.618034 1.80902 0.25 0.6 -0.294314 -0.304789 0.905805
-0.550673 -0.907981 1.6948 0.25 0.65 -0.276273 -0.447994 0.850279
0 -0.907981 1.78201 0.2 0.65 -0 -0.447994 0.894037
-1.11803 -0.618034 1.53884 0.3 0.6 -0.559819 -0.304789 0.770524
-1.04744 -0.907981 1.44168 0.3 0.65 -0.525502 -0.447994 0.723291
-0.550673 -0.907981 1.6948 0.25 0.65 -0.276273 -0.447994 0.850279
-1.53884 -0.618034 1.11803 0.35 0.6 -0.770524 -0.304789 0.559818
-1.44168 -0.907981 1.04744 0.35 0.65 -0.723291 -0.447994 0.525501
-1.04744 -0.907981 1.44168 0.3 0.65 -0.525502 -0.447994 0.723291
-1.80902 -0.618034 0.587785 0.4 0.6 -0.905805 -0.304789 0.294314
-1.6948 -0.907981 0.550672 0.4 0.65 -0.85028 -0.447994 0.276272
-1.44168 -0.907981 1.04744 0.35 0.65 -0.723291 -0.447994 0.525501
-1.90211 -0.618034 -0 0.45 0.6 -0.95242 -0.304789 0
-1.78201 -0.907981 -0 0.45 0.65 -0.894037 -0.447994 0
-1.6948 -0.907981 0.550672 0.4 0.65 -0.85028 -0.447994 0.276272
-1.80902 -0.618034 -0.587785 0.5 0.6 -0.905805 -0.304789 -0.294314
-1.6948 -0.907981 -0.550672 0.5 0.65 -0.850279 -0.447994 -0.276272
-1.78201 -0.907981 -0 0.45 0.65 -0.894037 -0.447994 0
-1.53884 -0.618034 -1.11803 0.55 0.6 -0.770524 -0.304788 -0.559819
-1.44168 -0.907981 -1.04744 0.55 0.65 -0.723291 -0.447994 -0.525502
-1.6948 -0.907981 -0.550672 0.5 0.65 -0.850279 -0.447994 -0.276272
-1.11803 -0.618034 -1.53884 0.6 0.6 -0.559818 -0.304788 -0.770524
-1.04744 -0.907981 -1.44168 0.6 0.65 -0.525502 -0.447994 -0.723291
-1.44168 -0.907981 -1.04744 0.55 0.65 -0.723291 -0.447994 -0.525502
-0.587785 -0.618034 -1.80902 0.65 0.6 -0.294314 -0.304789 -0.905805
-0.550672 -0.907981 -1.6948 0.65 0.65 -0.276272 -0.447994 -0.85028
-1.04744 -0.907981 -1.44168 0.6 0.65 -0.525502 -0.447994 -0.723291
-0 -0.618034 -1.90211 0.7 0.6 0 -0.304789 -0.95242
-0 -0.907981 -1.78201 0.7 0.65 0 -0.447994 -0.894037
-0.550672 -0.907981 -1.6948 0.65 0.65 -0.276272 -0.447994 -0.85028
0.587785 -0.618034 -1.80902 0.75 0.6 0.294314 -0.304789 -0.905805
0.550672 -0.907981 -1.6948 0.75 0.65 0.276273 -0.447994 -0.85028
-0 -0.907981 -1.78201 0.7 0.65 0 -0.447994 -0.894037
1.11803 -0.618034 -1.53884 0.8 0.6 0.559818 -0.304789 -0.770524
1.04744 -0.907981 -1.44168 0.8 0.65 0.525502 -0.447994 -0.723291
0.550672 -0.907981 -1.6948 0.75 0.65 0.276273 -0.447994 -0.85028
1.53884 -0.618034 -1.11803 0.85 0.6 0.770524 -0.304789 -0.559818
1.44168 -0.907981 -1.04744 0.85 0.65 0.723291 -0.447994 -0.525502
1.04744 -0.907981 -1.44168 0.8 0.65 0.525502 -0.447994 -0.723291
1.80902 -0.618034 -0.587785 0.9 0.6 0.905805 -0.304789 -0.294314
1.6948 -0.907981 -0.550672 0.9 0.65 0.85028 -0.447994 -0.276273
1.44168 -0.907981 -1.04744 0.85 0.65 0.723291 -0.447994 -0.525502
1.90211 -0.618034 -0 0.95 0.6 0.95242 -0.304788 -1e-006
1.78201 -0.907981 -0 0.95 0.65 0.894037 -0.447993 -1e-006
1.6948 -0.907981 -0.550672 0.9 0.65 0.85028 -0.447994 -0.276273
1.80902 -0.618034 0.587786 1 0.6 0.905806 -0.304789 0.294313
1.6948 -0.907981 0.550673 1 0.65 0.85028 -0.447994 0.276272
1.78201 -0.907981 -0 0.95 0.65 0.894037 -0.447993 -1e-006
1.59811 -0.312869 1.1611 0.05 0.55 0.799335 -0.154249 0.580751
1.53884 -0.618034 1.11803 0.05 0.6 0.770524 -0.304789 0.559819
1.80902 -0.618034 0.587786 0 0.6 0.905806 -0.304789 0.294313
1.1611 -0.312869 1.59811 0.1 0.55 0.580751 -0.154249 0.799335
1.11803 -0.618034 1.53884 0.1 0.6 0.559818 -0.304789 0.770524
1.53884 -0.618034 1.11803 0.05 0.6 0.770524 -0.304789 0.559819
0.610425 -0.312869 1.8787 0.15 0.55 0.305319 -0.154249 0.939674
0.587786 -0.618034 1.80902 0.15 0.6 0.294314 -0.304789 0.905805
1.11803 -0.618034 1.53884 0.1 0.6 0.559818 -0.304789 0.770524
0 -0.312869 1.97538 0.2 0.55 0 -0.154249 0.988032
0 -0.618034 1.90211 0.2 0.6 -0 -0.304789 0.95242
0.587786 -0.618034 1.80902 0.15 0.6 0.294314 -0.304789 0.905805
-0.610425 -0.312869 1.8787 0.25 0.55 -0.305319 -0.154249 0.939674
-0.587786 -0.618034 1.80902 0.25 0.6 -0.294314 -0.304789 0.905805
0 -0.618034 1.90211 0.2 0.6 -0 -0.304789 0.95242
-1.1611 -0.312869 1.59811 0.3 0.55 -0.580751 -0.154249 0.799334
-1.11803 -0.618034 1.53884 0.3 0.6 -0.559819 -0.304789 0.770524
-0.587786 -0.618034 1.80902 0.25 0.6 -0.294314 -0.304789 0.905805
-1.59811 -0.312869 1.1611 0.35 0.55 -0.799335 -0.154249 0.580751
-1.53884 -0.618034 1.11803 0.35 0.6 -0.770524 -0.304789 0.559818
-1.11803 -0.618034 1.53884 0.3 0.6 -0.559819 -0.304789 0.770524
-1.8787 -0.312869 0.610425 0.4 0.55 -0.939674 -0.154248 0.305319
-1.80902 -0.618034 0.587785 0.4 0.6 -0.905805 -0.304789 0.294314
-1.53884 -0.618034 1.11803 0.35 0.6 -0.770524 -0.304789 0.559818
-1.97538 -0.312869 -0 0.45 0.55 -0.988032 -0.154248 -0
-1.90211 -0.618034 -0 0.45 0.6 -0.95242 -0.304789 0
-1.80902 -0.618034 0.587785 0.4 0.6 -0.905805 -0.304789 0.294314
-1.8787 -0.312869 -0.610425 0.5 0.55 -0.939674 -0.154248 -0.305319
-1.80902 -0.618034 -0.587785 0.5 0.6 -0.905805 -0.304789 -0.294314
-1.90211 -0.618034 -0 0.45 0.6 -0.95242 -0.304789 0
-1.59811 -0.312869 -1.1611 0.55 0.55 -0.799335 -0.154248 -0.580751
-1.53884 -0.618034 -1.11803 0.55 0.6 -0.770524 -0.304788 -0.559819
-1.80902 -0.618034 -0.587785 0.5 0.6 -0.905805 -0.304789 -0.294314
-1.1611 -0.312869 -1.59811 0.6 0.55 -0.580751 -0.154249 -0.799335
-1.11803 -0.618034 -1.53884 0.6 0.6 -0.559818 -0.304788 -0.770524
-1.53884 -0.618034 -1.11803 0.55 0.6 -0.770524 -0.304788 -0.559819
-0.610425 -0.312869 -1.8787 0.65 0.55 -0.305319 -0.154249 -0.939674
-0.587785 -0.618034 -1.80902 0.65 0.6 -0.294314 -0.304789 -0.905805
-1.11803 -0.618034 -1.53884 0.6 0.6 -0.559818 -0.304788 -0.770524
-0 -0.312869 -1.97538 0.7 0.55 0 -0.154249 -0.988032
-0 -0.618034 -1.90211 0.7 0.6 0 -0.304789 -0.95242
-0.587785 -0.618034 -1.80902 0.65 0.6 -0.294314 -0.304789 -0.905805
0.610425 -0.312869 -1.8787 0.75 0.55 0.305319 -0.154249 -0.939674
0.587785 -0.618034 -1.80902 0.75 0.6 0.294314 -0.304789 -0.905805
-0 -0.618034 -1.90211 0.7 0.6 0 -0.304789 -0.95242
1.1611 -0.312869 -1.59811 0.8 0.55 0.580751 -0.154249 -0.799335
1.11803 -0.618034 -1.53884 0.8 0.6 0.559818 -0.304789 -0.770524
0.587785 -0.618034 -1.80902 0.75 0.6 0.294314 -0.304789 -0.905805
1.59811 -0.312869 -1.1611 0.85 0.55 0.799335 -0.154249 -0.580751
1.53884 -0.618034 -1.11803 0.85 0.6 0.770524 -0.304789 -0.559818
1.11803 -0.618034 -1.53884 0.8 0.6 0.559818 -0.304789 -0.770524
1.8787 -0.312869 -0.610425 0.9 0.55 0.939674 -0.154249 -0.305319
1.80902 -0.618034 -0.587785 0.9 0.6 0.905805 -0.304789 -0.294314
1.53884 -0.618034 -1.11803 0.85 0.6 0.770524 -0.304789 -0.559818
1.97538 -0.312869 -0 0.95 0.55 0.988032 -0.154249 -1e-006
1.90211 -0.618034 -0 0.95 0.6 0.95242 -0.304788 -1e-006
1.80902 -0.618034 -0.587785 0.9 0.6 0.905805 -0.304789 -0.294314
1.8787 -0.312869 0.610425 1 0.55 0.939675 -0.154249 0.305318
1.80902 -0.618034 0.587786 1 0.6 0.905806 -0.304789 0.294313
1.90211 -0.618034 -0 0.95 0.6 0.95242 -0.304788 -1e-006
1.61803 0 1.17557 0.05 0.5 0.809017 0 0.587785
1.59811 -0.312869 1.1611 0.05 0.55 0.799335 -0.154249 0.580751
1.8787 -0.312869 0.610425 0 0.55 0.939675 -0.154249 0.305318
1.17557 0 1.61803 0.1 0.5 0.587785 -0 0.809017
1.1611 -0.312869 1.59811 0.1 0.55 0.580751 -0.154249 0.799335
1.59811 -0.312869 1.1611 0.05 0.55 0.799335 -0.154249 0.580751
0.618034 0 1.90211 0.15 0.5 0.309017 -0 0.951057
0.610425 -0.312869 1.8787 0.15 0.55 0.305319 -0.154249 0.939674
1.1611 -0.312869 1.59811 0.1 0.55 0.580751 -0.154249 0.799335
0 0 2 0.2 0.5 0 0 1
0 -0.312869 1.97538 0.2 0.55 0 -0.154249 0.988032
0.610425 -0.312869 1.8787 0.15 0.55 0.305319 -0.154249 0.939674
-0.618034 0 1.90211 0.25 0.5 -0.309017 -0 0.951056
-0.610425 -0.312869 1.8787 0.25 0.55 -0.305319 -0.154249 0.939674
0 -0.312869 1.97538 0.2 0.55 0 -0.154249 0.988032
-1.17557 0 1.61803 0.3 0.5 -0.587786 -0 0.809017
-1.1611 -0.312869 1.59811 0.3 0.55 -0.580751 -0.154249 0.799334
-0.610425 -0.312869 1.8787 0.25 0.55 -0.305319 -0.154249 0.939674
-1.61803 0 1.17557 0.35 0.5 -0.809017 0 0.587785
-1.59811 -0.312869 1.1611 0.35 0.55 -0.799335 -0.154249 0.580751
-1.1611 -0.312869 1.59811 0.3 0.55 -0.580751 -0.154249 0.799334
-1.90211 0 0.618034 0.4 0.5 -0.951057 0 0.309017
-1.8787 -0.312869 0.610425 0.4 0.55 -0.939674 -0.154248 0.305319
-1.59811 -0.312869 1.1611 0.35 0.55 -0.799335 -0.154249 0.580751
-2 0 -0 0.45 0.5 -1 -0 -0
-1.97538 -0.312869 -0 0.45 0.55 -0.988032 -0.154248 -0
-1.8787 -0.312869 0.610425 0.4 0.55 -0.939674 -0.154248 0.305319
-1.90211 0 -0.618034 0.5 0.5 -0.951057 -0 -0.309017
-1.8787 -0.312869 -0.610425 0.5 0.55 -0.939674 -0.154248 -0.305319
-1.97538 -0.312869 -0 0.45 0.55 -0.988032 -0.154248 -0
-1.61803 0 -1.17557 0.55 0.5 -0.809017 0 -0.587785
-1.59811 -0.312869 -1.1611 0.55 0.55 -0.799335 -0.154248 -0.580751
-1.8787 -0.312869 -0.610425 0.5 0.55 -0.939674 -0.154248 -0.305319
-1.17557 0 -1.61803 0.6 0.5 -0.587785 -0 -0.809017
-1.1611 -0.312869 -1.59811 0.6 0.55 -0.580751 -0.154249 -0.799335
-1.59811 -0.312869 -1.1611 0.55 0.55 -0.799335 -0.154248 -0.580751
-0.618034 0 -1.90211 0.65 0.5 -0.309017 -0 -0.951057
-0.610425 -0.312869 -1.8787 0.65 0.55 -0.305319 -0.154249 -0.939674
-1.1611 -0.312869 -1.59811 0.6 0.55 -0.580751 -0.154249 -0.799335
-0 0 -2 0.7 0.5 0 0 -1
-0 -0.312869 -1.97538 0.7 0.55 0 -0.154249 -0.988032
-0.610425 -0.312869 -1.8787 0.65 0.55 -0.305319 -0.154249 -0.939674
0.618034 0 -1.90211 0.75 0.5 0.309017 -0 -0.951057
0.610425 -0.312869 -1.8787 0.75 0.55 0.305319 -0.154249 -0.939674
-0 -0.312869 -1.97538 0.7 0.55 0 -0.154249 -0.988032
1.17557 0 -1.61803 0.8 0.5 0.587785 -0 -0.809017
1.1611 -0.312869 -1.59811 0.8 0.55 0.580751 -0.154249 -0.799335
0.610425 -0.312869 -1.8787 0.75 0.55 0.305319 -0.154249 -0.939674
1.61803 0 -1.17557 0.85 0.5 0.809017 -0 -0.587785
1.59811 -0.312869 -1.1611 0.85 0.55 0.799335 -0.154249 -0.580751
1.1611 -0.312869 -1.59811 0.8 0.55 0.580751 -0.154249 -0.799335
1.90211 0 -0.618034 0.9 0.5 0.951057 0 -0.309017
1.8787 -0.312869 -0.610425 0.9 0.55 0.939674 -0.154249 -0.305319
1.59811 -0.312869 -1.1611 0.85 0.55 0.799335 -0.154249 -0.580751
2 0 -0 0.95 0.5 1 -0 -1e-006
1.97538 -0.312869 -0 0.95 0.55 0.988032 -0.154249 -1e-006
1.8787 -0.312869 -0.610425 0.9 0.55 0.939674 -0.154249 -0.305319
1.90211 0 0.618034 1 0.5 0.951057 -0 0.309016
1.8787 -0.312869 0.610425 1 0.55 0.939675 -0.154249 0.305318
1.97538 -0.312869 -0 0.95 0.55 0.988032 -0.154249 -1e-006
1.59811 0.312869 1.1611 0.05 0.45 0.799335 0.154249 0.580751
1.61803 0 1.17557 0.05 0.5 0.809017 0 0.587785
1.90211 0 0.618034 0 0.5 0.951057 -0 0.309016
1.1611 0.312869 1.59811 0.1 0.45 0.58075 0.154249 0.799335
1.17557 0 1.61803 0.1 0.5 0.587785 -0 0.809017
1.61803 0 1.17557 0.05 0.5 0.809017 0 0.587785
0.610425 0.312869 1.8787 0.15 0.45 0.305319 0.154249 0.939674
0.618034 0 1.90211 0.15 0.5 0.309017 -0 0.951057
1.17557 0 1.61803 0.1 0.5 0.587785 -0 0.809017
0 0.312869 1.97538 0.2 0.45 0 0.154249 0.988032
0 0 2 0.2 0.5 0 0 1
0.618034 0 1.90211 0.15 0.5 0.309017 -0 0.951057
-0.610425 0.312869 1.8787 0.25 0.45 -0.305319 0.154249 0.939674
-0.618034 0 1.90211 0.25 0.5 -0.309017 -0 0.951056
0 0 2 0.2 0.5 0 0 1
-1.1611 0.312869 1.59811 0.3 0.45 -0.580751 0.154249 0.799335
-1.17557 0 1.61803 0.3 0.5 -0.587786 -0 0.809017
-0.618034 0 1.90211 0.25 0.5 -0.309017 -0 0.951056
-1.59811 0.312869 1.1611 0.35 0.45 -0.799335 0.154249 0.580751
-1.61803 0 1.17557 0.35 0.5 -0.809017 0 0.587785
-1.17557 0 1.61803 0.3 0.5 -0.587786 -0 0.809017
-1.8787 0.312869 0.610425 0.4 0.45 -0.939674 0.154248 0.305319
-1.90211 0 0.618034 0.4 0.5 -0.951057 0 0.309017
-1.61803 0 1.17557 0.35 0.5 -0.809017 0 0.587785
-1.97538 0.312869 -0 0.45 0.45 -0.988032 0.154248 -0
-2 0 -0 0.45 0.5 -1 -0 -0
-1.90211 0 0.618034 0.4 0.5 -0.951057 0 0.309017
-1.8787 0.312869 -0.610425 0.5 0.45 -0.939674 0.154248 -0.305319
-1.90211 0 -0.618034 0.5 0.5 -0.951057 -0 -0.309017
-2 0 -0 0.45 0.5 -1 -0 -0
-1.59811 0.312869 -1.1611 0.55 0.45 -0.799335 0.154248 -0.580751
-1.61803 0 -1.17557 0.55 0.5 -0.809017 0 -0.587785
-1.90211 0 -0.618034 0.5 0.5 -0.951057 -0 -0.309017
-1.1611 0.312869 -1.59811 0.6 0.45 -0.580751 0.154249 -0.799335
-1.17557 0 -1.61803 0.6 0.5 -0.587785 -0 -0.809017
-1.61803 0 -1.17557 0.55 0.5 -0.809017 0 -0.587785
-0.610425 0.312869 -1.8787 0.65 0.45 -0.305319 0.154249 -0.939674
-0.618034 0 -1.90211 0.65 0.5 -0.309017 -0 -0.951057
-1.17557 0 -1.61803 0.6 0.5 -0.587785 -0 -0.809017
-0 0.312869 -1.97538 0.7 0.45 0 0.154249 -0.988032
-0 0 -2 0.7 0.5 0 0 -1
-0.618034 0 -1.90211 0.65 0.5 -0.309017 -0 -0.951057
0.610425 0.312869 -1.8787 0.75 0.45 0.305319 0.154249 -0.939674
0.618034 0 -1.90211 0.75 0.5 0.309017 -0 -0.951057
-0 0 -2 0.7 0.5 0 0 -1
1.1611 0.312869 -1.59811 0.8 0.45 0.580751 0.154249 -0.799335
1.17557 0 -1.61803 0.8 0.5 0.587785 -0 -0.809017
0.618034 0 -1.90211 0.75 0.5 0.309017 -0 -0.951057
1.59811 0.312869 -1.1611 0.85 0.45 0.799335 0.154249 -0.580751
1.61803 0 -1.17557 0.85 0.5 0.809017 -0 -0.587785
1.17557 0 -1.61803 0.8 0.5 0.587785 -0 -0.809017
1.8787 0.312869 -0.610425 0.9 0.45 0.939674 0.154249 -0.305319
1.90211 0 -0.618034 0.9 0.5 0.951057 0 -0.309017
1.61803 0 -1.17557 0.85 0.5 0.809017 -0 -0.587785
1.97538 0.312869 -0 0.95 0.45 0.988032 0.154249 -1e-006
2 0 -0 0.95 0.5 1 -0 -1e-006
1.90211 0 -0.618034 0.9 0.5 0.951057 0 -0.309017
1.8787 0.312869 0.610425 1 0.45 0.939675 0.154249 0.305318
1.90211 0 0.618034 1 0.5 0.951057 -0 0.309016
2 0 -0 0.95 0.5 1 -0 -1e-006
1.53884 0.618034 1.11803 0.05 0.4 0.770524 0.304789 0.559819
1.59811 0.312869 1.1611 0.05 0.45 0.799335 0.154249 0.580751
1.8787 0.312869 0.610425 0 0.45 0.939675 0.154249 0.305318
1.11803 0.618034 1.53884 0.1 0.4 0.559818 0.304789 0.770524
1.1611 0.312869 1.59811 0.1 0.45 0.58075 0.154249 0.799335
1.59811 0.312869 1.1611 0.05 0.45 0.799335 0.154249 0.580751
0.587786 0.618034 1.80902 0.15 0.4 0.294314 0.304789 0.905805
0.610425 0.312869 1.8787 0.15 0.45 0.305319 0.154249 0.939674
1.1611 0.312869 1.59811 0.1 0.45 0.58075 0.154249 0.799335
0 0.618034 1.90211 0.2 0.4 -0 0.304789 0.95242
0 0.312869 1.97538 0.2 0.45 0 0.154249 0.988032
0.610425 0.312869 1.8787 0.15 0.45 0.305319 0.154249 0.939674
-0.587786 0.618034 1.80902 0.25 0.4 -0.294314 0.304789 0.905805
-0.610425 0.312869 1.8787 0.25 0.45 -0.305319 0.154249 0.939674
0 0.312869 1.97538 0.2 0.45 0 0.154249 0.988032
-1.11803 0.618034 1.53884 0.3 0.4 -0.559819 0.304789 0.770524
-1.1611 0.312869 1.59811 0.3 0.45 -0.580751 0.154249 0.799335
-0.610425 0.312869 1.8787 0.25 0.45 -0.305319 0.154249 0.939674
-1.53884 0.618034 1.11803 0.35 0.4 -0.770524 0.304789 0.559818
-1.59811 0.312869 1.1611 0.35 0.45 -0.799335 0.154249 0.580751
-1.1611 0.312869 1.59811 0.3 0.45 -0.580751 0.154249 0.799335
-1.80902 0.618034 0.587785 0.4 0.4 -0.905805 0.304789 0.294314
-1.8787 0.312869 0.610425 0.4 0.45 -0.939674 0.154248 0.305319
-1.59811 0.312869 1.1611 0.35 0.45 -0.799335 0.154249 0.580751
-1.90211 0.618034 -0 0.45 0.4 -0.95242 0.304789 0
-1.97538 0.312869 -0 0.45 0.45 -0.988032 0.154248 -0
-1.8787 0.312869 0.610425 0.4 0.45 -0.939674 0.154248 0.305319
-1.80902 0.618034 -0.587785 0.5 0.4 -0.905805 0.304789 -0.294314
-1.8787 0.312869 -0.610425 0.5 0.45 -0.939674 0.154248 -0.305319
-1.97538 0.312869 -0 0.45 0.45 -0.988032 0.154248 -0
-1.53884 0.618034 -1.11803 0.55 0.4 -0.770524 0.304788 -0.559819
-1.59811 0.312869 -1.1611 0.55 0.45 -0.799335 0.154248 -0.580751
-1.8787 0.312869 -0.610425 0.5 0.45 -0.939674 0.154248 -0.305319
-1.11803 0.618034 -1.53884 0.6 0.4 -0.559818 0.304788 -0.770524
-1.1611 0.312869 -1.59811 0.6 0.45 -0.580751 0.154249 -0.799335
-1.59811 0.312869 -1.1611 0.55 0.45 -0.799335 0.154248 -0.580751
-0.587785 0.618034 -1.80902 0.65 0.4 -0.294314 0.304789 -0.905805
-0.610425 0.312869 -1.8787 0.65 0.45 -0.305319 0.154249 -0.939674
-1.1611 0.312869 -1.59811 0.6 0.45 -0.580751 0.154249 -0.799335
-0 0.618034 -1.90211 0.7 0.4 0 0.304789 -0.95242
-0 0.312869 -1.97538 0.7 0.45 0 0.154249 -0.988032
-0.610425 0.312869 -1.8787 0.65 0.45 -0.305319 0.154249 -0.939674
0.587785 0.618034 -1.80902 0.75 0.4 0.294314 0.304789 -0.905805
0.610425 0.312869 -1.8787 0.75 0.45 0.305319 0.154249 -0.939674
-0 0.312869 -1.97538 0.7 0.45 0 0.154249 -0.988032
1.11803 0.618034 -1.53884 0.8 0.4 0.559818 0.304789 -0.770524
1.1611 0.312869 -1.59811 0.8 0.45 0.580751 0.154249 -0.799335
0.610425 0.312869 -1.8787 0.75 0.45 0.305319 0.154249 -0.939674
1.53884 0.618034 -1.11803 0.85 0.4 0.770524 0.304789 -0.559819
1.59811 0.312869 -1.1611 0.85 0.45 0.799335 0.154249 -0.580751
1.1611 0.312869 -1.59811 0.8 0.45 0.580751 0.154249 -0.799335
1.80902 0.618034 -0.587785 0.9 0.4 0.905805 0.304789 -0.294314
1.8787 0.312869 -0.610425 0.9 0.45 0.939674 0.154249 -0.305319
1.59811 0.312869 -1.1611 0.85 0.45 0.799335 0.154249 -0.580751
1.90211 0.618034 -0 0.95 0.4 0.95242 0.304789 -1e-006
1.97538 0.312869 -0 0.95 0.45 0.988032 0.154249 -1e-006
1.8787 0.312869 -0.610425 0.9 0.45 0.939674 0.154249 -0.305319
1.80902 0.618034 0.587786 1 0.4 0.905806 0.304789 0.294313
1.8787 0.312869 0.610425 1 0.45 0.939675 0.154249 0.305318
1.97538 0.312869 -0 0.95 0.45 0.988032 0.154249 -1e-006
1.44168 0.907981 1.04744 0.05 0.35 0.723291 0.447994 0.525502
1.53884 0.618034 1.11803 0.05 0.4 0.770524 0.304789 0.559819
1.80902 0.618034 0.587786 0 0.4 0.905806 0.304789 0.294313
1.04744 0.907981 1.44168 0.1 0.35 0.525501 0.447994 0.723291
1.11803 0.618034 1.53884 0.1 0.4 0.559818 0.304789 0.770524
1.53884 0.618034 1.11803 0.05 0.4 0.770524 0.304789 0.559819
0.550673 0.907981 1.6948 0.15 0.35 0.276272 0.447994 0.85028
0.587786 0.618034 1.80902 0.15 0.4 0.294314 0.304789 0.905805
1.11803 0.618034 1.53884 0.1 0.4 0.559818 0.304789 0.770524
0 0.907981 1.78201 0.2 0.35 -0 0.447994 0.894037
0 0.618034 1.90211 0.2 0.4 -0 0.304789 0.95242
0.587786 0.618034 1.80902 0.15 0.4 0.294314 0.304789 0.905805
-0.550673 0.907981 1.6948 0.25 0.35 -0.276273 0.447994 0.850279
-0.587786 0.618034 1.80902 0.25 0.4 -0.294314 0.304789 0.905805
0 0.618034 1.90211 0.2 0.4 -0 0.304789 0.95242
-1.04744 0.907981 1.44168 0.3 0.35 -0.525502 0.447994 0.723291
-1.11803 0.618034 1.53884 0.3 0.4 -0.559819 0.304789 0.770524
-0.587786 0.618034 1.80902 0.25 0.4 -0.294314 0.304789 0.905805
-1.44168 0.907981 1.04744 0.35 0.35 -0.723291 0.447994 0.525501
-1.53884 0.618034 1.11803 0.35 0.4 -0.770524 0.304789 0.559818
-1.11803 0.618034 1.53884 0.3 0.4 -0.559819 0.304789 0.770524
-1.6948 0.907981 0.550672 0.4 0.35 -0.85028 0.447994 0.276273
-1.80902 0.618034 0.587785 0.4 0.4 -0.905805 0.304789 0.294314
-1.53884 0.618034 1.11803 0.35 0.4 -0.770524 0.304789 0.559818
-1.78201 0.907981 -0 0.45 0.35 -0.894037 0.447994 0
-1.90211 0.618034 -0 0.45 0.4 -0.95242 0.304789 0
-1.80902 0.618034 0.587785 0.4 0.4 -0.905805 0.304789 0.294314
-1.6948 0.907981 -0.550672 0.5 0.35 -0.850279 0.447994 -0.276273
-1.80902 0.618034 -0.587785 0.5 0.4 -0.905805 0.304789 -0.294314
-1.90211 0.618034 -0 0.45 0.4 -0.95242 0.304789 0
-1.44168 0.907981 -1.04744 0.55 0.35 -0.723291 0.447994 -0.525502
-1.53884 0.618034 -1.11803 0.55 0.4 -0.770524 0.304788 -0.559819
-1.80902 0.618034 -0.587785 0.5 0.4 -0.905805 0.304789 -0.294314
-1.04744 0.907981 -1.44168 0.6 0.35 -0.525502 0.447994 -0.723291
-1.11803 0.618034 -1.53884 0.6 0.4 -0.559818 0.304788 -0.770524
-1.53884 0.618034 -1.11803 0.55 0.4 -0.770524 0.304788 -0.559819
-0.550672 0.907981 -1.6948 0.65 0.35 -0.276273 0.447994 -0.85028
-0.587785 0.618034 -1.80902 0.65 0.4 -0.294314 0.304789 -0.905805
-1.11803 0.618034 -1.53884 0.6 0.4 -0.559818 0.304788 -0.770524
-0 0.907981 -1.78201 0.7 0.35 0 0.447994 -0.894037
-0 0.618034 -1.90211 0.7 0.4 0 0.304789 -0.95242
-0.587785 0.618034 -1.80902 0.65 0.4 -0.294314 0.304789 -0.905805
0.550672 0.907981 -1.6948 0.75 0.35 0.276273 0.447994 -0.85028
0.587785 0.618034 -1.80902 0.75 0.4 0.294314 0.304789 -0.905805
-0 0.618034 -1.90211 0.7 0.4 0 0.304789 -0.95242
1.04744 0.907981 -1.44168 0.8 0.35 0.525502 0.447994 -0.723291
1.11803 0.618034 -1.53884 0.8 0.4 0.559818 0.304789 -0.770524
0.587785 0.618034 -1.80902 0.75 0.4 0.294314 0.304789 -0.905805
1.44168 0.907981 -1.04744 0.85 0.35 0.723291 0.447994 -0.525502
1.53884 0.618034 -1.11803 0.85 0.4 0.770524 0.304789 -0.559819
1.11803 0.618034 -1.53884 0.8 0.4 0.559818 0.304789 -0.770524
1.6948 0.907981 -0.550672 0.9 0.35 0.85028 0.447994 -0.276273
1.80902 0.618034 -0.587785 0.9 0.4 0.905805 0.304789 -0.294314
1.53884 0.618034 -1.11803 0.85 0.4 0.770524 0.304789 -0.559819
1.78201 0.907981 -0 0.95 0.35 0.894037 0.447994 -1e-006
1.90211 0.618034 -0 0.95 0.4 0.95242 0.304789 -1e-006
1.80902 0.618034 -0.587785 0.9 0.4 0.905805 0.304789 -0.294314
1.6948 0.907981 0.550673 1 0.35 0.85028 0.447994 0.276272
1.80902 0.618034 0.587786 1 0.4 0.905806 0.304789 0.294313
1.90211 0.618034 -0 0.95 0.4 0.95242 0.304789 -1e-006
1.30902 1.17557 0.951057 0.05 0.3 0.658808 0.580401 0.478652
1.44168 0.907981 1.04744 0.05 0.35 0.723291 0.447994 0.525502
1.6948 0.907981 0.550673 0 0.35 0.85028 0.447994 0.276272
0.951057 1.17557 1.30902 0.1 0.3 0.478652 0.580401 0.658808
1.04744 0.907981 1.44168 0.1 0.35 0.525501 0.447994 0.723291
1.44168 0.907981 1.04744 0.05 0.35 0.723291 0.447994 0.525502
0.5 1.17557 1.53884 0.15 0.3 0.251642 0.580401 0.774475
0.550673 0.907981 1.6948 0.15 0.35 0.276272 0.447994 0.85028
1.04744 0.907981 1.44168 0.1 0.35 0.525501 0.447994 0.723291
0 1.17557 1.61803 0.2 0.3 -0 0.580401 0.814331
0 0.907981 1.78201 0.2 0.35 -0 0.447994 0.894037
0.550673 0.907981 1.6948 0.15 0.35 0.276272 0.447994 0.85028
-0.5 1.17557 1.53884 0.25 0.3 -0.251642 0.580401 0.774475
-0.550673 0.907981 1.6948 0.25 0.35 -0.276273 0.447994 0.850279
0 0.907981 1.78201 0.2 0.35 -0 0.447994 0.894037
-0.951057 1.17557 1.30902 0.3 0.3 -0.478652 0.580401 0.658808
-1.04744 0.907981 1.44168 0.3 0.35 -0.525502 0.447994 0.723291
-0.550673 0.907981 1.6948 0.25 0.35 -0.276273 0.447994 0.850279
-1.30902 1.17557 0.951057 0.35 0.3 -0.658808 0.580401 0.478652
-1.44168 0.907981 1.04744 0.35 0.35 -0.723291 0.447994 0.525501
-1.04744 0.907981 1.44168 0.3 0.35 -0.525502 0.447994 0.723291
-1.53884 1.17557 0.5 0.4 0.3 -0.774475 0.580401 0.251642
-1.6948 0.907981 0.550672 0.4 0.35 -0.85028 0.447994 0.276273
-1.44168 0.907981 1.04744 0.35 0.35 -0.723291 0.447994 0.525501
-1.61803 1.17557 -0 0.45 0.3 -0.814331 0.580401 0
-1.78201 0.907981 -0 0.45 0.35 -0.894037 0.447994 0
-1.6948 0.907981 0.550672 0.4 0.35 -0.85028 0.447994 0.276273
-1.53884 1.17557 -0.5 0.5 0.3 -0.774475 0.580401 -0.251642
-1.6948 0.907981 -0.550672 0.5 0.35 -0.850279 0.447994 -0.276273
-1.78201 0.907981 -0 0.45 0.35 -0.894037 0.447994 0
-1.30902 1.17557 -0.951057 0.55 0.3 -0.658808 0.580401 -0.478652
-1.44168 0.907981 -1.04744 0.55 0.35 -0.723291 0.447994 -0.525502
-1.6948 0.907981 -0.550672 0.5 0.35 -0.850279 0.447994 -0.276273
-0.951057 1.17557 -1.30902 0.6 0.3 -0.478652 0.580401 -0.658808
-1.04744 0.907981 -1.44168 0.6 0.35 -0.525502 0.447994 -0.723291
-1.44168 0.907981 -1.04744 0.55 0.35 -0.723291 0.447994 -0.525502
-0.5 1.17557 -1.53884 0.65 0.3 -0.251642 0.580401 -0.774475
-0.550672 0.907981 -1.6948 0.65 0.35 -0.276273 0.447994 -0.85028
-1.04744 0.907981 -1.44168 0.6 0.35 -0.525502 0.447994 -0.723291
-0 1.17557 -1.61803 0.7 0.3 0 0.580401 -0.814331
-0 0.907981 -1.78201 0.7 0.35 0 0.447994 -0.894037
-0.550672 0.907981 -1.6948 0.65 0.35 -0.276273 0.447994 -0.85028
0.5 1.17557 -1.53884 0.75 0.3 0.251642 0.580401 -0.774475
0.550672 0.907981 -1.6948 0.75 0.35 0.276273 0.447994 -0.85028
-0 0.907981 -1.78201 0.7 0.35 0 0.447994 -0.894037
0.951057 1.17557 -1.30902 0.8 0.3 0.478652 0.580401 -0.658808
1.04744 0.907981 -1.44168 0.8 0.35 0.525502 0.447994 -0.723291
0.550672 0.907981 -1.6948 0.75 0.35 0.276273 0.447994 -0.85028
1.30902 1.17557 -0.951057 0.85 0.3 0.658808 0.580401 -0.478652
1.44168 0.907981 -1.04744 0.85 0.35 0.723291 0.447994 -0.525502
1.04744 0.907981 -1.44168 0.8 0.35 0.525502 0.447994 -0.723291
1.53884 1.17557 -0.5 0.9 0.3 0.774475 0.580401 -0.251642
1.6948 0.907981 -0.550672 0.9 0.35 0.85028 0.447994 -0.276273
1.44168 0.907981 -1.04744 0.85 0.35 0.723291 0.447994 -0.525502
1.61803 1.17557 -0 0.95 0.3 0.814331 0.580401 -1e-006
1.78201 0.907981 -0 0.95 0.35 0.894037 0.447994 -1e-006
1.6948 0.907981 -0.550672 0.9 0.35 0.85028 0.447994 -0.276273
1.53884 1.17557 0.5 1 0.3 0.774475 0.580401 0.251641
1.6948 0.907981 0.550673 1 0.35 0.85028 0.447994 0.276272
1.78201 0.907981 -0 0.95 0.35 0.894037 0.447994 -1e-006
1.14412 1.41421 0.831254 0.05 0.25 0.578712 0.698789 0.420459
1.30902 1.17557 0.951057 0.05 0.3 0.658808 0.580401 0.478652
1.53884 1.17557 0.5 0 0.3 0.774475 0.580401 0.251641
0.831254 1.41421 1.14412 0.1 0.25 0.420459 0.698789 0.578713
0.951057 1.17557 1.30902 0.1 0.3 0.478652 0.580401 0.658808
1.30902 1.17557 0.951057 0.05 0.3 0.658808 0.580401 0.478652
0.437016 1.41421 1.345 0.15 0.25 0.221049 0.698789 0.680318
0.5 1.17557 1.53884 0.15 0.3 0.251642 0.580401 0.774475
0.951057 1.17557 1.30902 0.1 0.3 0.478652 0.580401 0.658808
0 1.41421 1.41421 0.2 0.25 -0 0.698789 0.715328
0 1.17557 1.61803 0.2 0.3 -0 0.580401 0.814331
0.5 1.17557 1.53884 0.15 0.3 0.251642 0.580401 0.774475
-0.437016 1.41421 1.345 0.25 0.25 -0.221049 0.698788 0.680318
-0.5 1.17557 1.53884 0.25 0.3 -0.251642 0.580401 0.774475
0 1.17557 1.61803 0.2 0.3 -0 0.580401 0.814331
-0.831254 1.41421 1.14412 0.3 0.25 -0.420459 0.698789 0.578713
-0.951057 1.17557 1.30902 0.3 0.3 -0.478652 0.580401 0.658808
-0.5 1.17557 1.53884 0.25 0.3 -0.251642 0.580401 0.774475
-1.14412 1.41421 0.831254 0.35 0.25 -0.578713 0.698789 0.420459
-1.30902 1.17557 0.951057 0.35 0.3 -0.658808 0.580401 0.478652
-0.951057 1.17557 1.30902 0.3 0.3 -0.478652 0.580401 0.658808
-1.345 1.41421 0.437016 0.4 0.25 -0.680318 0.698789 0.221049
-1.53884 1.17557 0.5 0.4 0.3 -0.774475 0.580401 0.251642
-1.30902 1.17557 0.951057 0.35 0.3 -0.658808 0.580401 0.478652
-1.41421 1.41421 -0 0.45 0.25 -0.715328 0.698789 -0
-1.61803 1.17557 -0 0.45 0.3 -0.814331 0.580401 0
-1.53884 1.17557 0.5 0.4 0.3 -0.774475 0.580401 0.251642
-1.345 1.41421 -0.437016 0.5 0.25 -0.680318 0.698788 -0.221049
-1.53884 1.17557 -0.5 0.5 0.3 -0.774475 0.580401 -0.251642
-1.61803 1.17557 -0 0.45 0.3 -0.814331 0.580401 0
-1.14412 1.41421 -0.831254 0.55 0.25 -0.578713 0.698789 -0.42046
-1.30902 1.17557 -0.951057 0.55 0.3 -0.658808 0.580401 -0.478652
-1.53884 1.17557 -0.5 0.5 0.3 -0.774475 0.580401 -0.251642
-0.831254 1.41421 -1.14412 0.6 0.25 -0.420459 0.698788 -0.578713
-0.951057 1.17557 -1.30902 0.6 0.3 -0.478652 0.580401 -0.658808
-1.30902 1.17557 -0.951057 0.55 0.3 -0.658808 0.580401 -0.478652
-0.437016 1.41421 -1.345 0.65 0.25 -0.221049 0.698788 -0.680318
-0.5 1.17557 -1.53884 0.65 0.3 -0.251642 0.580401 -0.774475
-0.951057 1.17557 -1.30902 0.6 0.3 -0.478652 0.580401 -0.658808
-0 1.41421 -1.41421 0.7 0.25 -0 0.698788 -0.715328
-0 1.17557 -1.61803 0.7 0.3 0 0.580401 -0.814331
-0.5 1.17557 -1.53884 0.65 0.3 -0.251642 0.580401 -0.774475
0.437016 1.41421 -1.345 0.75 0.25 0.221049 0.698788 -0.680318
0.5 1.17557 -1.53884 0.75 0.3 0.251642 0.580401 -0.774475
-0 1.17557 -1.61803 0.7 0.3 0 0.580401 -0.814331
0.831254 1.41421 -1.14412 0.8 0.25 0.42046 0.698788 -0.578713
0.951057 1.17557 -1.30902 0.8 0.3 0.478652 0.580401 -0.658808
0.5 1.17557 -1.53884 0.75 0.3 0.251642 0.580401 -0.774475
1.14412 1.41421 -0.831254 0.85 0.25 0.578713 0.698788 -0.42046
1.30902 1.17557 -0.951057 0.85 0.3 0.658808 0.580401 -0.478652
0.951057 1.17557 -1.30902 0.8 0.3 0.478652 0.580401 -0.658808
1.345 1.41421 -0.437016 0.9 0.25 0.680318 0.698788 -0.221049
1.53884 1.17557 -0.5 0.9 0.3 0.774475 0.580401 -0.251642
1.30902 1.17557 -0.951057 0.85 0.3 0.658808 0.580401 -0.478652
1.41421 1.41421 -0 0.95 0.25 0.715328 0.698788 -1e-006
1.61803 1.17557 -0 0.95 0.3 0.814331 0.580401 -1e-006
1.53884 1.17557 -0.5 0.9 0.3 0.774475 0.580401 -0.251642
1.345 1.41421 0.437016 1 0.25 0.680318 0.698789 0.221048
1.53884 1.17557 0.5 1 0.3 0.774475 0.580401 0.251641
1.61803 1.17557 -0 0.95 0.3 0.814331 0.580401 -1e-006
0.951057 1.61803 0.690983 0.05 0.2 0.485138 0.800252 0.352474
1.14412 1.41421 0.831254 0.05 0.25 0.578712 0.698789 0.420459
1.345 1.41421 0.437016 0 0.25 0.680318 0.698789 0.221048
0.690983 1.61803 0.951057 0.1 0.2 0.352473 0.800252 0.485139
0.831254 1.41421 1.14412 0.1 0.25 0.420459 0.698789 0.578713
1.14412 1.41421 0.831254 0.05 0.25 0.578712 0.698789 0.420459
0.363271 1.61803 1.11803 0.15 0.2 0.185306 0.800252 0.570314
0.437016 1.41421 1.345 0.15 0.25 0.221049 0.698789 0.680318
0.831254 1.41421 1.14412 0.1 0.25 0.420459 0.698789 0.578713
0 1.61803 1.17557 0.2 0.2 -0 0.800252 0.599664
0 1.41421 1.41421 0.2 0.25 -0 0.698789 0.715328
0.437016 1.41421 1.345 0.15 0.25 0.221049 0.698789 0.680318
-0.363271 1.61803 1.11803 0.25 0.2 -0.185306 0.800252 0.570314
-0.437016 1.41421 1.345 0.25 0.25 -0.221049 0.698788 0.680318
0 1.41421 1.41421 0.2 0.25 -0 0.698789 0.715328
-0.690983 1.61803 0.951057 0.3 0.2 -0.352474 0.800252 0.485138
-0.831254 1.41421 1.14412 0.3 0.25 -0.420459 0.698789 0.578713
-0.437016 1.41421 1.345 0.25 0.25 -0.221049 0.698788 0.680318
-0.951057 1.61803 0.690983 0.35 0.2 -0.485138 0.800252 0.352474
-1.14412 1.41421 0.831254 0.35 0.25 -0.578713 0.698789 0.420459
-0.831254 1.41421 1.14412 0.3 0.25 -0.420459 0.698789 0.578713
-1.11803 1.61803 0.363271 0.4 0.2 -0.570314 0.800252 0.185306
-1.345 1.41421 0.437016 0.4 0.25 -0.680318 0.698789 0.221049
-1.14412 1.41421 0.831254 0.35 0.25 -0.578713 0.698789 0.420459
-1.17557 1.61803 -0 0.45 0.2 -0.599664 0.800252 -0
-1.41421 1.41421 -0 0.45 0.25 -0.715328 0.698789 -0
-1.345 1.41421 0.437016 0.4 0.25 -0.680318 0.698789 0.221049
-1.11803 1.61803 -0.363271 0.5 0.2 -0.570314 0.800252 -0.185307
-1.345 1.41421 -0.437016 0.5 0.25 -0.680318 0.698788 -0.221049
-1.41421 1.41421 -0 0.45 0.25 -0.715328 0.698789 -0
-0.951057 1.61803 -0.690983 0.55 0.2 -0.485138 0.800252 -0.352474
-1.14412 1.41421 -0.831254 0.55 0.25 -0.578713 0.698789 -0.42046
-1.345 1.41421 -0.437016 0.5 0.25 -0.680318 0.698788 -0.221049
-0.690983 1.61803 -0.951057 0.6 0.2 -0.352474 0.800252 -0.485138
-0.831254 1.41421 -1.14412 0.6 0.25 -0.420459 0.698788 -0.578713
-1.14412 1.41421 -0.831254 0.55 0.25 -0.578713 0.698789 -0.42046
-0.363271 1.61803 -1.11803 0.65 0.2 -0.185306 0.800252 -0.570314
-0.437016 1.41421 -1.345 0.65 0.25 -0.221049 0.698788 -0.680318
-0.831254 1.41421 -1.14412 0.6 0.25 -0.420459 0.698788 -0.578713
-0 1.61803 -1.17557 0.7 0.2 -0 0.800252 -0.599664
-0 1.41421 -1.41421 0.7 0.25 -0 0.698788 -0.715328
-0.437016 1.41421 -1.345 0.65 0.25 -0.221049 0.698788 -0.680318
0.363271 1.61803 -1.11803 0.75 0.2 0.185306 0.800252 -0.570315
0.437016 1.41421 -1.345 0.75 0.25 0.221049 0.698788 -0.680318
-0 1.41421 -1.41421 0.7 0.25 -0 0.698788 -0.715328
0.690983 1.61803 -0.951057 0.8 0.2 0.352474 0.800252 -0.485139
0.831254 1.41421 -1.14412 0.8 0.25 0.42046 0.698788 -0.578713
0.437016 1.41421 -1.345 0.75 0.25 0.221049 0.698788 -0.680318
0.951057 1.61803 -0.690983 0.85 0.2 0.485139 0.800252 -0.352474
1.14412 1.41421 -0.831254 0.85 0.25 0.578713 0.698788 -0.42046
0.831254 1.41421 -1.14412 0.8 0.25 0.42046 0.698788 -0.578713
1.11803 1.61803 -0.363271 0.9 0.2 0.570314 0.800252 -0.185306
1.345 1.41421 -0.437016 0.9 0.25 0.680318 0.698788 -0.221049
1.14412 1.41421 -0.831254 0.85 0.25 0.578713 0.698788 -0.42046
1.17557 1.61803 -0 0.95 0.2 0.599664 0.800252 -1e-006
1.41421 1.41421 -0 0.95 0.25 0.715328 0.698788 -1e-006
1.345 1.41421 -0.437016 0.9 0.25 0.680318 0.698788 -0.221049
1.11803 1.61803 0.363271 1 0.2 0.570314 0.800252 0.185306
1.345 1.41421 0.437016 1 0.25 0.680318 0.698789 0.221048
1.41421 1.41421 -0 0.95 0.25 0.715328 0.698788 -1e-006
0.734573 1.78201 0.533698 0.05 0.15 0.380846 0.882266 0.276701
0.951057 1.61803 0.690983 0.05 0.2 0.485138 0.800252 0.352474
1.11803 1.61803 0.363271 0 0.2 0.570314 0.800252 0.185306
0.533698 1.78201 0.734573 0.1 0.15 0.276701 0.882266 0.380846
0.690983 1.61803 0.951057 0.1 0.2 0.352473 0.800252 0.485139
0.951057 1.61803 0.690983 0.05 0.2 0.485138 0.800252 0.352474
0.280582 1.78201 0.863542 0.15 0.15 0.14547 0.882266 0.447712
0.363271 1.61803 1.11803 0.15 0.2 0.185306 0.800252 0.570314
0.690983 1.61803 0.951057 0.1 0.2 0.352473 0.800252 0.485139
0 1.78201 0.907981 0.2 0.15 -0 0.882266 0.470752
0 1.61803 1.17557 0.2 0.2 -0 0.800252 0.599664
0.363271 1.61803 1.11803 0.15 0.2 0.185306 0.800252 0.570314
-0.280582 1.78201 0.863542 0.25 0.15 -0.14547 0.882266 0.447711
-0.363271 1.61803 1.11803 0.25 0.2 -0.185306 0.800252 0.570314
0 1.61803 1.17557 0.2 0.2 -0 0.800252 0.599664
-0.533698 1.78201 0.734572 0.3 0.15 -0.276701 0.882266 0.380846
-0.690983 1.61803 0.951057 0.3 0.2 -0.352474 0.800252 0.485138
-0.363271 1.61803 1.11803 0.25 0.2 -0.185306 0.800252 0.570314
-0.734572 1.78201 0.533698 0.35 0.15 -0.380846 0.882266 0.276701
-0.951057 1.61803 0.690983 0.35 0.2 -0.485138 0.800252 0.352474
-0.690983 1.61803 0.951057 0.3 0.2 -0.352474 0.800252 0.485138
-0.863542 1.78201 0.280582 0.4 0.15 -0.447712 0.882266 0.14547
-1.11803 1.61803 0.363271 0.4 0.2 -0.570314 0.800252 0.185306
-0.951057 1.61803 0.690983 0.35 0.2 -0.485138 0.800252 0.352474
-0.907981 1.78201 -0 0.45 0.15 -0.470752 0.882266 -0
-1.17557 1.61803 -0 0.45 0.2 -0.599664 0.800252 -0
-1.11803 1.61803 0.363271 0.4 0.2 -0.570314 0.800252 0.185306
-0.863542 1.78201 -0.280582 0.5 0.15 -0.447712 0.882266 -0.145471
-1.11803 1.61803 -0.363271 0.5 0.2 -0.570314 0.800252 -0.185307
-1.17557 1.61803 -0 0.45 0.2 -0.599664 0.800252 -0
-0.734572 1.78201 -0.533698 0.55 0.15 -0.380846 0.882266 -0.276701
-0.951057 1.61803 -0.690983 0.55 0.2 -0.485138 0.800252 -0.352474
-1.11803 1.61803 -0.363271 0.5 0.2 -0.570314 0.800252 -0.185307
-0.533698 1.78201 -0.734572 0.6 0.15 -0.276701 0.882266 -0.380846
-0.690983 1.61803 -0.951057 0.6 0.2 -0.352474 0.800252 -0.485138
-0.951057 1.61803 -0.690983 0.55 0.2 -0.485138 0.800252 -0.352474
-0.280582 1.78201 -0.863541 0.65 0.15 -0.14547 0.882266 -0.447712
-0.363271 1.61803 -1.11803 0.65 0.2 -0.185306 0.800252 -0.570314
-0.690983 1.61803 -0.951057 0.6 0.2 -0.352474 0.800252 -0.485138
-0 1.78201 -0.907981 0.7 0.15 0 0.882266 -0.470752
-0 1.61803 -1.17557 0.7 0.2 -0 0.800252 -0.599664
-0.363271 1.61803 -1.11803 0.65 0.2 -0.185306 0.800252 -0.570314
0.280582 1.78201 -0.863541 0.75 0.15 0.14547 0.882266 -0.447712
0.363271 1.61803 -1.11803 0.75 0.2 0.185306 0.800252 -0.570315
-0 1.61803 -1.17557 0.7 0.2 -0 0.800252 -0.599664
0.533698 1.78201 -0.734572 0.8 0.15 0.276701 0.882266 -0.380846
0.690983 1.61803 -0.951057 0.8 0.2 0.352474 0.800252 -0.485139
0.363271 1.61803 -1.11803 0.75 0.2 0.185306 0.800252 -0.570315
0.734572 1.78201 -0.533698 0.85 0.15 0.380846 0.882266 -0.276701
0.951057 1.61803 -0.690983 0.85 0.2 0.485139 0.800252 -0.352474
0.690983 1.61803 -0.951057 0.8 0.2 0.352474 0.800252 -0.485139
0.863541 1.78201 -0.280582 0.9 0.15 0.447712 0.882266 -0.14547
1.11803 1.61803 -0.363271 0.9 0.2 0.570314 0.800252 -0.185306
0.951057 1.61803 -0.690983 0.85 0.2 0.485139 0.800252 -0.352474
0.907981 1.78201 -0 0.95 0.15 0.470752 0.882266 -0
1.17557 1.61803 -0 0.95 0.2 0.599664 0.800252 -1e-006
1.11803 1.61803 -0.363271 0.9 0.2 0.570314 0.800252 -0.185306
0.863542 1.78201 0.280582 1 0.15 0.447712 0.882266 0.14547
1.11803 1.61803 0.363271 1 0.2 0.570314 0.800252 0.185306
1.17557 1.61803 -0 0.95 0.2 0.599664 0.800252 -1e-006
0.5 1.90211 0.363271 0.05 0.1 0.26987 0.942723 0.196073
0.734573 1.78201 0.533698 0.05 0.15 0.380846 0.882266 0.276701
0.863542 1.78201 0.280582 0 0.15 0.447712 0.882266 0.14547
0.363271 1.90211 0.5 0.1 0.1 0.196072 0.942722 0.269871
0.533698 1.78201 0.734573 0.1 0.15 0.276701 0.882266 0.380846
0.734573 1.78201 0.533698 0.05 0.15 0.380846 0.882266 0.276701
0.190983 1.90211 0.587786 0.15 0.1 0.103081 0.942723 0.317252
0.280582 1.78201 0.863542 0.15 0.15 0.14547 0.882266 0.447712
0.533698 1.78201 0.734573 0.1 0.15 0.276701 0.882266 0.380846
0 1.90211 0.618034 0.2 0.1 -0 0.942723 0.333578
0 1.78201 0.907981 0.2 0.15 -0 0.882266 0.470752
0.280582 1.78201 0.863542 0.15 0.15 0.14547 0.882266 0.447712
-0.190983 1.90211 0.587786 0.25 0.1 -0.103081 0.942723 0.317251
-0.280582 1.78201 0.863542 0.25 0.15 -0.14547 0.882266 0.447711
0 1.78201 0.907981 0.2 0.15 -0 0.882266 0.470752
-0.363271 1.90211 0.5 0.3 0.1 -0.196072 0.942723 0.26987
-0.533698 1.78201 0.734572 0.3 0.15 -0.276701 0.882266 0.380846
-0.280582 1.78201 0.863542 0.25 0.15 -0.14547 0.882266 0.447711
-0.5 1.90211 0.363271 0.35 0.1 -0.26987 0.942723 0.196072
-0.734572 1.78201 0.533698 0.35 0.15 -0.380846 0.882266 0.276701
-0.533698 1.78201 0.734572 0.3 0.15 -0.276701 0.882266 0.380846
-0.587785 1.90211 0.190983 0.4 0.1 -0.317252 0.942723 0.103081
-0.863542 1.78201 0.280582 0.4 0.15 -0.447712 0.882266 0.14547
-0.734572 1.78201 0.533698 0.35 0.15 -0.380846 0.882266 0.276701
-0.618034 1.90211 -0 0.45 0.1 -0.333578 0.942722 -0
-0.907981 1.78201 -0 0.45 0.15 -0.470752 0.882266 -0
-0.863542 1.78201 0.280582 0.4 0.15 -0.447712 0.882266 0.14547
-0.587785 1.90211 -0.190983 0.5 0.1 -0.317252 0.942722 -0.103082
-0.863542 1.78201 -0.280582 0.5 0.15 -0.447712 0.882266 -0.145471
-0.907981 1.78201 -0 0.45 0.15 -0.470752 0.882266 -0
-0.5 1.90211 -0.363271 0.55 0.1 -0.26987 0.942723 -0.196072
-0.734572 1.78201 -0.533698 0.55 0.15 -0.380846 0.882266 -0.276701
-0.863542 1.78201 -0.280582 0.5 0.15 -0.447712 0.882266 -0.145471
-0.363271 1.90211 -0.5 0.6 0.1 -0.196072 0.942723 -0.26987
-0.533698 1.78201 -0.734572 0.6 0.15 -0.276701 0.882266 -0.380846
-0.734572 1.78201 -0.533698 0.55 0.15 -0.380846 0.882266 -0.276701
-0.190983 1.90211 -0.587785 0.65 0.1 -0.103081 0.942722 -0.317252
-0.280582 1.78201 -0.863541 0.65 0.15 -0.14547 0.882266 -0.447712
-0.533698 1.78201 -0.734572 0.6 0.15 -0.276701 0.882266 -0.380846
-0 1.90211 -0.618034 0.7 0.1 0 0.942722 -0.333578
-0 1.78201 -0.907981 0.7 0.15 0 0.882266 -0.470752
-0.280582 1.78201 -0.863541 0.65 0.15 -0.14547 0.882266 -0.447712
0.190983 1.90211 -0.587785 0.75 0.1 0.103081 0.942722 -0.317252
0.280582 1.78201 -0.863541 0.75 0.15 0.14547 0.882266 -0.447712
-0 1.78201 -0.907981 0.7 0.15 0 0.882266 -0.470752
0.363271 1.90211 -0.5 0.8 0.1 0.196072 0.942722 -0.26987
0.533698 1.78201 -0.734572 0.8 0.15 0.276701 0.882266 -0.380846
0.280582 1.78201 -0.863541 0.75 0.15 0.14547 0.882266 -0.447712
0.5 1.90211 -0.363271 0.85 0.1 0.26987 0.942722 -0.196072
0.734572 1.78201 -0.533698 0.85 0.15 0.380846 0.882266 -0.276701
0.533698 1.78201 -0.734572 0.8 0.15 0.276701 0.882266 -0.380846
0.587785 1.90211 -0.190983 0.9 0.1 0.317252 0.942722 -0.103081
0.863541 1.78201 -0.280582 0.9 0.15 0.447712 0.882266 -0.14547
0.734572 1.78201 -0.533698 0.85 0.15 0.380846 0.882266 -0.276701
0.618034 1.90211 -0 0.95 0.1 0.333578 0.942722 -0
0.907981 1.78201 -0 0.95 0.15 0.470752 0.882266 -0
0.863541 1.78201 -0.280582 0.9 0.15 0.447712 0.882266 -0.14547
0.587786 1.90211 0.190983 1 0.1 0.317252 0.942722 0.103081
0.863542 1.78201 0.280582 1 0.15 0.447712 0.882266 0.14547
0.907981 1.78201 -0 0.95 0.15 0.470752 0.882266 -0
0.253116 1.97538 0.1839 0.05 0.05 0.162096 0.979722 0.117769
0.5 1.90211 0.363271 0.05 0.1 0.26987 0.942723 0.196073
0.587786 1.90211 0.190983 0 0.1 0.317252 0.942722 0.103081
0.1839 1.97538 0.253116 0.1 0.05 0.117769 0.979722 0.162096
0.363271 1.90211 0.5 0.1 0.1 0.196072 0.942722 0.269871
0.5 1.90211 0.363271 0.05 0.1 0.26987 0.942723 0.196073
0.096682 1.97538 0.297556 0.15 0.05 0.061915 0.979722 0.190555
0.190983 1.90211 0.587786 0.15 0.1 0.103081 0.942723 0.317252
0.363271 1.90211 0.5 0.1 0.1 0.196072 0.942722 0.269871
0 1.97538 0.312869 0.2 0.05 -0 0.979722 0.200361
0 1.90211 0.618034 0.2 0.1 -0 0.942723 0.333578
0.190983 1.90211 0.587786 0.15 0.1 0.103081 0.942723 0.317252
-0.096682 1.97538 0.297556 0.25 0.05 -0.061915 0.979722 0.190555
-0.190983 1.90211 0.587786 0.25 0.1 -0.103081 0.942723 0.317251
0 1.90211 0.618034 0.2 0.1 -0 0.942723 0.333578
-0.1839 1.97538 0.253116 0.3 0.05 -0.117769 0.979722 0.162095
-0.363271 1.90211 0.5 0.3 0.1 -0.196072 0.942723 0.26987
-0.190983 1.90211 0.587786 0.25 0.1 -0.103081 0.942723 0.317251
-0.253116 1.97538 0.1839 0.35 0.05 -0.162096 0.979722 0.117769
-0.5 1.90211 0.363271 0.35 0.1 -0.26987 0.942723 0.196072
-0.363271 1.90211 0.5 0.3 0.1 -0.196072 0.942723 0.26987
-0.297556 1.97538 0.096682 0.4 0.05 -0.190555 0.979722 0.061915
-0.587785 1.90211 0.190983 0.4 0.1 -0.317252 0.942723 0.103081
-0.5 1.90211 0.363271 0.35 0.1 -0.26987 0.942723 0.196072
-0.312869 1.97538 -0 0.45 0.05 -0.200361 0.979722 -0
-0.618034 1.90211 -0 0.45 0.1 -0.333578 0.942722 -0
-0.587785 1.90211 0.190983 0.4 0.1 -0.317252 0.942723 0.103081
-0.297556 1.97538 -0.096682 0.5 0.05 -0.190555 0.979722 -0.061915
-0.587785 1.90211 -0.190983 0.5 0.1 -0.317252 0.942722 -0.103082
-0.618034 1.90211 -0 0.45 0.1 -0.333578 0.942722 -0
-0.253116 1.97538 -0.1839 0.55 0.05 -0.162096 0.979722 -0.117769
-0.5 1.90211 -0.363271 0.55 0.1 -0.26987 0.942723 -0.196072
-0.587785 1.90211 -0.190983 0.5 0.1 -0.317252 0.942722 -0.103082
-0.1839 1.97538 -0.253116 0.6 0.05 -0.117769 0.979722 -0.162096
-0.363271 1.90211 -0.5 0.6 0.1 -0.196072 0.942723 -0.26987
-0.5 1.90211 -0.363271 0.55 0.1 -0.26987 0.942723 -0.196072
-0.096682 1.97538 -0.297556 0.65 0.05 -0.061915 0.979722 -0.190555
-0.190983 1.90211 -0.587785 0.65 0.1 -0.103081 0.942722 -0.317252
-0.363271 1.90211 -0.5 0.6 0.1 -0.196072 0.942723 -0.26987
-0 1.97538 -0.312869 0.7 0.05 0 0.979722 -0.200361
-0 1.90211 -0.618034 0.7 0.1 0 0.942722 -0.333578
-0.190983 1.90211 -0.587785 0.65 0.1 -0.103081 0.942722 -0.317252
0.096682 1.97538 -0.297556 0.75 0.05 0.061915 0.979722 -0.190555
0.190983 1.90211 -0.587785 0.75 0.1 0.103081 0.942722 -0.317252
-0 1.90211 -0.618034 0.7 0.1 0 0.942722 -0.333578
0.1839 1.97538 -0.253116 0.8 0.05 0.117769 0.979722 -0.162096
0.363271 1.90211 -0.5 0.8 0.1 0.196072 0.942722 -0.26987
0.190983 1.90211 -0.587785 0.75 0.1 0.103081 0.942722 -0.317252
0.253116 1.97538 -0.1839 0.85 0.05 0.162096 0.979722 -0.117769
0.5 1.90211 -0.363271 0.85 0.1 0.26987 0.942722 -0.196072
0.363271 1.90211 -0.5 0.8 0.1 0.196072 0.942722 -0.26987
0.297556 1.97538 -0.096682 0.9 0.05 0.190555 0.979722 -0.061915
0.587785 1.90211 -0.190983 0.9 0.1 0.317252 0.942722 -0.103081
0.5 1.90211 -0.363271 0.85 0.1 0.26987 0.942722 -0.196072
0.312869 1.97538 -0 0.95 0.05 0.200361 0.979722 -1e-006
0.618034 1.90211 -0 0.95 0.1 0.333578 0.942722 -0
0.587785 1.90211 -0.190983 0.9 0.1 0.317252 0.942722 -0.103081
0.297556 1.97538 0.096682 1 0.05 0.190555 0.979722 0.061915
0.587786 1.90211 0.190983 1 0.1 0.317252 0.942722 0.103081
0.618034 1.90211 -0 0.95 0.1 0.333578 0.942722 -0
0 -2 -0 0.025 1 -0 -1 0
0.297556 -1.97538 0.096682 0 0.95 0.190555 -0.979722 0.061915
0.253116 -1.97538 0.1839 0.05 0.95 0.162096 -0.979722 0.11777
0 -2 -0 0.075 1 -0 -1 0
0.253116 -1.97538 0.1839 0.05 0.95 0.162096 -0.979722 0.11777
0.1839 -1.97538 0.253116 0.1 0.95 0.117769 -0.979722 0.162095
0 -2 -0 0.125 1 -0 -1 0
0.1839 -1.97538 0.253116 0.1 0.95 0.117769 -0.979722 0.162095
0.096682 -1.97538 0.297556 0.15 0.95 0.061915 -0.979722 0.190555
0 -2 -0 0.175 1 -0 -1 0
0.096682 -1.97538 0.297556 0.15 0.95 0.061915 -0.979722 0.190555
0 -1.97538 0.312869 0.2 0.95 -0 -0.979722 0.200361
0 -2 -0 0.225 1 -0 -1 0
0 -1.97538 0.312869 0.2 0.95 -0 -0.979722 0.200361
-0.096682 -1.97538 0.297556 0.25 0.95 -0.061915 -0.979722 0.190555
0 -2 -0 0.275 1 -0 -1 0
-0.096682 -1.97538 0.297556 0.25 0.95 -0.061915 -0.979722 0.190555
-0.1839 -1.97538 0.253116 0.3 0.95 -0.117769 -0.979722 0.162096
0 -2 -0 0.325 1 -0 -1 0
-0.1839 -1.97538 0.253116 0.3 0.95 -0.117769 -0.979722 0.162096
-0.253116 -1.97538 0.1839 0.35 0.95 -0.162096 -0.979722 0.11777
0 -2 -0 0.375 1 -0 -1 0
-0.253116 -1.97538 0.1839 0.35 0.95 -0.162096 -0.979722 0.11777
-0.297556 -1.97538 0.096682 0.4 0.95 -0.190555 -0.979722 0.061915
0 -2 -0 0.425 1 -0 -1 0
-0.297556 -1.97538 0.096682 0.4 0.95 -0.190555 -0.979722 0.061915
-0.312869 -1.97538 -0 0.45 0.95 -0.200361 -0.979722 -0
0 -2 -0 0.475 1 -0 -1 0
-0.312869 -1.97538 -0 0.45 0.95 -0.200361 -0.979722 -0
-0.297556 -1.97538 -0.096682 0.5 0.95 -0.190555 -0.979722 -0.061915
0 -2 -0 0.525 1 -0 -1 0
-0.297556 -1.97538 -0.096682 0.5 0.95 -0.190555 -0.979722 -0.061915
-0.253116 -1.97538 -0.1839 0.55 0.95 -0.162096 -0.979722 -0.117769
0 -2 -0 0.575 1 -0 -1 0
-0.253116 -1.97538 -0.1839 0.55 0.95 -0.162096 -0.979722 -0.117769
-0.1839 -1.97538 -0.253116 0.6 0.95 -0.117769 -0.979722 -0.162095
0 -2 -0 0.625 1 -0 -1 0
-0.1839 -1.97538 -0.253116 0.6 0.95 -0.117769 -0.979722 -0.162095
-0.096682 -1.97538 -0.297556 0.65 0.95 -0.061915 -0.979722 -0.190555
0 -2 -0 0.675 1 -0 -1 0
-0.096682 -1.97538 -0.297556 0.65 0.95 -0.061915 -0.979722 -0.190555
-0 -1.97538 -0.312869 0.7 0.95 0 -0.979722 -0.200361
0 -2 -0 0.725 1 -0 -1 0
-0 -1.97538 -0.312869 0.7 0.95 0 -0.979722 -0.200361
0.096682 -1.97538 -0.297556 0.75 0.95 0.061915 -0.979722 -0.190555
0 -2 -0 0.775 1 -0 -1 0
0.096682 -1.97538 -0.297556 0.75 0.95 0.061915 -0.979722 -0.190555
0.1839 -1.97538 -0.253116 0.8 0.95 0.117769 -0.979722 -0.162096
0 -2 -0 0.825 1 -0 -1 0
0.1839 -1.97538 -0.253116 0.8 0.95 0.117769 -0.979722 -0.162096
0.253116 -1.97538 -0.1839 0.85 0.95 0.162096 -0.979722 -0.117769
0 -2 -0 0.875 1 -0 -1 0
0.253116 -1.97538 -0.1839 0.85 0.95 0.162096 -0.979722 -0.117769
0.297556 -1.97538 -0.096682 0.9 0.95 0.190555 -0.979722 -0.061915
0 -2 -0 0.925 1 -0 -1 0
0.297556 -1.97538 -0.096682 0.9 0.95 0.190555 -0.979722 -0.061915
0.312869 -1.97538 -0 0.95 0.95 0.200361 -0.979722 -1e-006
0 -2 -0 0.975 1 -0 -1 0
0.312869 -1.97538 -0 0.95 0.95 0.200361 -0.979722 -1e-006
0.297556 -1.97538 0.096682 1 0.95 0.190555 -0.979722 0.061915
0 2 -0 0.025 0 -0 1 -0
0.253116 1.97538 0.1839 0.05 0.05 0.162096 0.979722 0.117769
0.297556 1.97538 0.096682 0 0.05 0.190555 0.979722 0.061915
0 2 -0 0.075 0 -0 1 -0
0.1839 1.97538 0.253116 0.1 0.05 0.117769 0.979722 0.162096
0.253116 1.97538 0.1839 0.05 0.05 0.162096 0.979722 0.117769
0 2 -0 0.125 0 -0 1 -0
0.096682 1.97538 0.297556 0.15 0.05 0.061915 0.979722 0.190555
0.1839 1.97538 0.253116 0.1 0.05 0.117769 0.979722 0.162096
0 2 -0 0.175 0 -0 1 -0
0 1.97538 0.312869 0.2 0.05 -0 0.979722 0.200361
0.096682 1.97538 0.297556 0.15 0.05 0.061915 0.979722 0.190555
0 2 -0 0.225 0 -0 1 -0
-0.096682 1.97538 0.297556 0.25 0.05 -0.061915 0.979722 0.190555
0 1.97538 0.312869 0.2 0.05 -0 0.979722 0.200361
0 2 -0 0.275 0 -0 1 -0
-0.1839 1.97538 0.253116 0.3 0.05 -0.117769 0.979722 0.162095
-0.096682 1.97538 0.297556 0.25 0.05 -0.061915 0.979722 0.190555
0 2 -0 0.325 0 -0 1 -0
-0.253116 1.97538 0.1839 0.35 0.05 -0.162096 0.979722 0.117769
-0.1839 1.97538 0.253116 0.3 0.05 -0.117769 0.979722 0.162095
0 2 -0 0.375 0 -0 1 -0
-0.297556 1.97538 0.096682 0.4 0.05 -0.190555 0.979722 0.061915
-0.253116 1.97538 0.1839 0.35 0.05 -0.162096 0.979722 0.117769
0 2 -0 0.425 0 -0 1 -0
-0.312869 1.97538 -0 0.45 0.05 -0.200361 0.979722 -0
-0.297556 1.97538 0.096682 0.4 0.05 -0.190555 0.979722 0.061915
0 2 -0 0.475 0 -0 1 -0
-0.297556 1.97538 -0.096682 0.5 0.05 -0.190555 0.979722 -0.061915
-0.312869 1.97538 -0 0.45 0.05 -0.200361 0.979722 -0
0 2 -0 0.525 0 -0 1 -0
-0.253116 1.97538 -0.1839 0.55 0.05 -0.162096 0.979722 -0.117769
-0.297556 1.97538 -0.096682 0.5 0.05 -0.190555 0.979722 -0.061915
0 2 -0 0.575 0 -0 1 -0
-0.1839 1.97538 -0.253116 0.6 0.05 -0.117769 0.979722 -0.162096
-0.253116 1.97538 -0.1839 0.55 0.05 -0.162096 0.979722 -0.117769
0 2 -0 0.625 0 -0 1 -0
-0.096682 1.97538 -0.297556 0.65 0.05 -0.061915 0.979722 -0.190555
-0.1839 1.97538 -0.253116 0.6 0.05 -0.117769 0.979722 -0.162096
0 2 -0 0.675 0 -0 1 -0
-0 1.97538 -0.312869 0.7 0.05 0 0.979722 -0.200361
-0.096682 1.97538 -0.297556 0.65 0.05 -0.061915 0.979722 -0.190555
0 2 -0 0.725 0 -0 1 -0
0.096682 1.97538 -0.297556 0.75 0.05 0.061915 0.979722 -0.190555
-0 1.97538 -0.312869 0.7 0.05 0 0.979722 -0.200361
0 2 -0 0.775 0 -0 1 -0
0.1839 1.97538 -0.253116 0.8 0.05 0.117769 0.979722 -0.162096
0.096682 1.97538 -0.297556 0.75 0.05 0.061915 0.979722 -0.190555
0 2 -0 0.825 0 -0 1 -0
0.253116 1.97538 -0.1839 0.85 0.05 0.162096 0.979722 -0.117769
0.1839 1.97538 -0.253116 0.8 0.05 0.117769 0.979722 -0.162096
0 2 -0 0.875 0 -0 1 -0
0.297556 1.97538 -0.096682 0.9 0.05 0.190555 0.979722 -0.061915
0.253116 1.97538 -0.1839 0.85 0.05 0.162096 0.979722 -0.117769
0 2 -0 0.925 0 -0 1 -0
0.312869 1.97538 -0 0.95 0.05 0.200361 0.979722 -1e-006
0.297556 1.97538 -0.096682 0.9 0.05 0.190555 0.979722 -0.061915
0 2 -0 0.975 0 -0 1 -0
0.297556 1.97538 0.096682 1 0.05 0.190555 0.979722 0.061915
0.312869 1.97538 -0 0.95 0.05 0.200361 0.979722 -1e-006
